Date/Time,kW
01/01  01:00:00,14.297830
01/01  02:00:00,16.597698
01/01  03:00:00,18.106437
01/01  04:00:00,19.074749
01/01  05:00:00,20.405363
01/01  06:00:00,22.155848
01/01  07:00:00,23.048061
01/01  08:00:00,17.488618
01/01  09:00:00,12.471460
01/01  10:00:00,8.900901
01/01  11:00:00,7.318909
01/01  12:00:00,6.913121
01/01  13:00:00,6.998027
01/01  14:00:00,7.532557
01/01  15:00:00,8.203090
01/01  16:00:00,9.409333
01/01  17:00:00,10.281857
01/01  18:00:00,12.158120
01/01  19:00:00,14.597685
01/01  20:00:00,16.128591
01/01  21:00:00,16.297284
01/01  22:00:00,15.441728
01/01  23:00:00,15.432367
01/01  24:00:00,17.660777
01/02  01:00:00,18.089708
01/02  02:00:00,18.606535
01/02  03:00:00,19.304135
01/02  04:00:00,19.672166
01/02  05:00:00,20.373666
01/02  06:00:00,21.106637
01/02  07:00:00,19.231207
01/02  08:00:00,19.481051
01/02  09:00:00,16.832747
01/02  10:00:00,14.089637
01/02  11:00:00,12.066056
01/02  12:00:00,10.818509
01/02  13:00:00,10.988199
01/02  14:00:00,11.687625
01/02  15:00:00,13.837516
01/02  16:00:00,15.127344
01/02  17:00:00,16.233414
01/02  18:00:00,19.673389
01/02  19:00:00,18.858510
01/02  20:00:00,20.015859
01/02  21:00:00,20.504875
01/02  22:00:00,19.842216
01/02  23:00:00,20.053922
01/02  24:00:00,21.035782
01/03  01:00:00,20.271709
01/03  02:00:00,19.724801
01/03  03:00:00,19.439039
01/03  04:00:00,19.461789
01/03  05:00:00,19.534585
01/03  06:00:00,20.113041
01/03  07:00:00,20.525106
01/03  08:00:00,18.548564
01/03  09:00:00,16.051571
01/03  10:00:00,14.121578
01/03  11:00:00,11.387821
01/03  12:00:00,9.669626
01/03  13:00:00,8.270326
01/03  14:00:00,7.771692
01/03  15:00:00,7.779559
01/03  16:00:00,8.570213
01/03  17:00:00,11.093132
01/03  18:00:00,12.553306
01/03  19:00:00,14.353810
01/03  20:00:00,15.208821
01/03  21:00:00,15.638503
01/03  22:00:00,15.090853
01/03  23:00:00,15.894109
01/03  24:00:00,17.144982
01/04  01:00:00,17.846015
01/04  02:00:00,18.006115
01/04  03:00:00,17.959673
01/04  04:00:00,17.675332
01/04  05:00:00,18.766657
01/04  06:00:00,20.976737
01/04  07:00:00,21.953518
01/04  08:00:00,16.381811
01/04  09:00:00,10.500665
01/04  10:00:00,7.483939
01/04  11:00:00,6.794437
01/04  12:00:00,6.809944
01/04  13:00:00,6.966979
01/04  14:00:00,7.487726
01/04  15:00:00,8.674132
01/04  16:00:00,10.015345
01/04  17:00:00,11.169910
01/04  18:00:00,11.921267
01/04  19:00:00,13.961281
01/04  20:00:00,14.858133
01/04  21:00:00,14.991477
01/04  22:00:00,13.500824
01/04  23:00:00,11.626023
01/04  24:00:00,13.382855
01/05  01:00:00,13.729649
01/05  02:00:00,16.170840
01/05  03:00:00,17.357525
01/05  04:00:00,17.926687
01/05  05:00:00,19.629679
01/05  06:00:00,19.340249
01/05  07:00:00,15.849833
01/05  08:00:00,15.325162
01/05  09:00:00,10.554549
01/05  10:00:00,7.617072
01/05  11:00:00,6.748061
01/05  12:00:00,6.531042
01/05  13:00:00,6.498531
01/05  14:00:00,6.898826
01/05  15:00:00,7.775380
01/05  16:00:00,9.237467
01/05  17:00:00,10.663038
01/05  18:00:00,11.651652
01/05  19:00:00,13.510554
01/05  20:00:00,14.238864
01/05  21:00:00,14.302068
01/05  22:00:00,12.815887
01/05  23:00:00,10.215486
01/05  24:00:00,8.838762
01/06  01:00:00,9.936500
01/06  02:00:00,11.935014
01/06  03:00:00,13.531517
01/06  04:00:00,15.377776
01/06  05:00:00,16.944963
01/06  06:00:00,18.711625
01/06  07:00:00,18.101157
01/06  08:00:00,17.558246
01/06  09:00:00,10.840081
01/06  10:00:00,7.554255
01/06  11:00:00,6.822877
01/06  12:00:00,6.654899
01/06  13:00:00,6.643658
01/06  14:00:00,7.072685
01/06  15:00:00,6.781299
01/06  16:00:00,7.989217
01/06  17:00:00,9.993013
01/06  18:00:00,12.044111
01/06  19:00:00,13.609105
01/06  20:00:00,14.409896
01/06  21:00:00,14.521885
01/06  22:00:00,13.099991
01/06  23:00:00,10.766553
01/06  24:00:00,10.522816
01/07  01:00:00,10.279435
01/07  02:00:00,10.993408
01/07  03:00:00,12.391398
01/07  04:00:00,13.695049
01/07  05:00:00,16.034576
01/07  06:00:00,18.186652
01/07  07:00:00,17.104137
01/07  08:00:00,16.573869
01/07  09:00:00,13.242727
01/07  10:00:00,10.500900
01/07  11:00:00,8.290366
01/07  12:00:00,7.274616
01/07  13:00:00,6.750122
01/07  14:00:00,6.845450
01/07  15:00:00,7.461421
01/07  16:00:00,8.615975
01/07  17:00:00,10.626800
01/07  18:00:00,13.106643
01/07  19:00:00,13.946040
01/07  20:00:00,14.776946
01/07  21:00:00,14.912326
01/07  22:00:00,13.705596
01/07  23:00:00,14.240222
01/07  24:00:00,16.011446
01/08  01:00:00,16.703622
01/08  02:00:00,17.193062
01/08  03:00:00,17.065429
01/08  04:00:00,16.682600
01/08  05:00:00,16.446704
01/08  06:00:00,18.015991
01/08  07:00:00,17.915276
01/08  08:00:00,18.220469
01/08  09:00:00,13.260943
01/08  10:00:00,10.151509
01/08  11:00:00,8.035635
01/08  12:00:00,7.053267
01/08  13:00:00,7.058975
01/08  14:00:00,7.348669
01/08  15:00:00,7.991024
01/08  16:00:00,8.835716
01/08  17:00:00,10.971373
01/08  18:00:00,13.382251
01/08  19:00:00,14.020123
01/08  20:00:00,14.748380
01/08  21:00:00,14.808829
01/08  22:00:00,13.551390
01/08  23:00:00,12.381354
01/08  24:00:00,13.810405
01/09  01:00:00,13.196575
01/09  02:00:00,13.354596
01/09  03:00:00,13.723489
01/09  04:00:00,13.874057
01/09  05:00:00,14.818983
01/09  06:00:00,16.857504
01/09  07:00:00,17.186115
01/09  08:00:00,16.259856
01/09  09:00:00,12.529809
01/09  10:00:00,10.378969
01/09  11:00:00,9.369059
01/09  12:00:00,7.965635
01/09  13:00:00,7.062549
01/09  14:00:00,7.146298
01/09  15:00:00,7.808331
01/09  16:00:00,8.791161
01/09  17:00:00,11.060377
01/09  18:00:00,13.535790
01/09  19:00:00,14.071200
01/09  20:00:00,14.849032
01/09  21:00:00,15.254714
01/09  22:00:00,15.923392
01/09  23:00:00,16.702007
01/09  24:00:00,18.642429
01/10  01:00:00,18.665599
01/10  02:00:00,19.461970
01/10  03:00:00,19.841014
01/10  04:00:00,19.885878
01/10  05:00:00,20.766251
01/10  06:00:00,22.928445
01/10  07:00:00,24.313696
01/10  08:00:00,18.193176
01/10  09:00:00,12.296042
01/10  10:00:00,8.590068
01/10  11:00:00,7.362741
01/10  12:00:00,7.235124
01/10  13:00:00,7.606928
01/10  14:00:00,8.386937
01/10  15:00:00,9.226506
01/10  16:00:00,10.849353
01/10  17:00:00,12.093189
01/10  18:00:00,12.111099
01/10  19:00:00,13.681436
01/10  20:00:00,14.481066
01/10  21:00:00,14.634758
01/10  22:00:00,13.272935
01/10  23:00:00,10.800316
01/10  24:00:00,9.973066
01/11  01:00:00,9.206622
01/11  02:00:00,9.346072
01/11  03:00:00,10.099634
01/11  04:00:00,11.207314
01/11  05:00:00,14.051334
01/11  06:00:00,17.865407
01/11  07:00:00,19.085718
01/11  08:00:00,14.607914
01/11  09:00:00,9.355979
01/11  10:00:00,6.893401
01/11  11:00:00,6.689754
01/11  12:00:00,6.629760
01/11  13:00:00,6.781912
01/11  14:00:00,7.045027
01/11  15:00:00,7.170856
01/11  16:00:00,8.005731
01/11  17:00:00,9.780706
01/11  18:00:00,11.777317
01/11  19:00:00,13.593603
01/11  20:00:00,14.327431
01/11  21:00:00,14.384023
01/11  22:00:00,12.889167
01/11  23:00:00,10.374888
01/11  24:00:00,8.988462
01/12  01:00:00,9.672903
01/12  02:00:00,10.962267
01/12  03:00:00,14.122573
01/12  04:00:00,16.147692
01/12  05:00:00,17.591755
01/12  06:00:00,19.767466
01/12  07:00:00,19.322325
01/12  08:00:00,16.762713
01/12  09:00:00,10.986835
01/12  10:00:00,7.645257
01/12  11:00:00,7.020380
01/12  12:00:00,7.443868
01/12  13:00:00,8.531200
01/12  14:00:00,9.432753
01/12  15:00:00,10.668706
01/12  16:00:00,13.129048
01/12  17:00:00,13.837570
01/12  18:00:00,12.736228
01/12  19:00:00,14.155858
01/12  20:00:00,14.367966
01/12  21:00:00,14.327761
01/12  22:00:00,13.161818
01/12  23:00:00,11.017078
01/12  24:00:00,10.992248
01/13  01:00:00,11.809550
01/13  02:00:00,12.873316
01/13  03:00:00,15.361711
01/13  04:00:00,16.706453
01/13  05:00:00,18.026020
01/13  06:00:00,20.173568
01/13  07:00:00,19.272204
01/13  08:00:00,16.334711
01/13  09:00:00,10.778045
01/13  10:00:00,7.455732
01/13  11:00:00,7.422433
01/13  12:00:00,8.277555
01/13  13:00:00,9.373772
01/13  14:00:00,10.629608
01/13  15:00:00,12.598102
01/13  16:00:00,14.974622
01/13  17:00:00,14.240150
01/13  18:00:00,13.074917
01/13  19:00:00,14.508240
01/13  20:00:00,14.395476
01/13  21:00:00,14.360760
01/13  22:00:00,12.833182
01/13  23:00:00,10.719254
01/13  24:00:00,9.876875
01/14  01:00:00,9.532027
01/14  02:00:00,10.164585
01/14  03:00:00,12.247973
01/14  04:00:00,14.210065
01/14  05:00:00,16.401036
01/14  06:00:00,18.880980
01/14  07:00:00,17.524812
01/14  08:00:00,14.454073
01/14  09:00:00,9.585590
01/14  10:00:00,7.142288
01/14  11:00:00,7.833435
01/14  12:00:00,9.009146
01/14  13:00:00,10.059148
01/14  14:00:00,11.620501
01/14  15:00:00,14.544739
01/14  16:00:00,17.831836
01/14  17:00:00,16.778324
01/14  18:00:00,15.183910
01/14  19:00:00,16.255603
01/14  20:00:00,15.913465
01/14  21:00:00,14.863324
01/14  22:00:00,12.863910
01/14  23:00:00,10.063098
01/14  24:00:00,8.481891
01/15  01:00:00,7.605146
01/15  02:00:00,8.393499
01/15  03:00:00,9.490465
01/15  04:00:00,10.455365
01/15  05:00:00,12.536846
01/15  06:00:00,16.028581
01/15  07:00:00,15.770772
01/15  08:00:00,12.301954
01/15  09:00:00,7.965168
01/15  10:00:00,7.097741
01/15  11:00:00,8.033369
01/15  12:00:00,9.351600
01/15  13:00:00,10.560431
01/15  14:00:00,12.128213
01/15  15:00:00,14.257184
01/15  16:00:00,16.920071
01/15  17:00:00,16.598275
01/15  18:00:00,14.472172
01/15  19:00:00,15.858852
01/15  20:00:00,15.379763
01/15  21:00:00,14.647050
01/15  22:00:00,12.824691
01/15  23:00:00,10.167149
01/15  24:00:00,8.632998
01/16  01:00:00,8.029532
01/16  02:00:00,8.466366
01/16  03:00:00,9.446286
01/16  04:00:00,10.374571
01/16  05:00:00,13.169161
01/16  06:00:00,16.547355
01/16  07:00:00,15.811458
01/16  08:00:00,14.349981
01/16  09:00:00,9.161018
01/16  10:00:00,6.792099
01/16  11:00:00,7.206715
01/16  12:00:00,8.605681
01/16  13:00:00,9.575649
01/16  14:00:00,10.315823
01/16  15:00:00,11.975826
01/16  16:00:00,13.670446
01/16  17:00:00,14.398922
01/16  18:00:00,14.020783
01/16  19:00:00,15.529769
01/16  20:00:00,15.396643
01/16  21:00:00,14.693769
01/16  22:00:00,12.825096
01/16  23:00:00,10.061348
01/16  24:00:00,8.341594
01/17  01:00:00,7.323805
01/17  02:00:00,7.868480
01/17  03:00:00,8.972305
01/17  04:00:00,9.915291
01/17  05:00:00,11.532408
01/17  06:00:00,13.846451
01/17  07:00:00,15.533569
01/17  08:00:00,10.983660
01/17  09:00:00,7.910108
01/17  10:00:00,7.574601
01/17  11:00:00,8.775532
01/17  12:00:00,9.756786
01/17  13:00:00,11.103924
01/17  14:00:00,12.793967
01/17  15:00:00,15.266571
01/17  16:00:00,18.105085
01/17  17:00:00,17.610838
01/17  18:00:00,15.960868
01/17  19:00:00,16.622591
01/17  20:00:00,16.174412
01/17  21:00:00,15.184833
01/17  22:00:00,13.012783
01/17  23:00:00,10.113808
01/17  24:00:00,8.133698
01/18  01:00:00,6.945552
01/18  02:00:00,7.288831
01/18  03:00:00,8.301249
01/18  04:00:00,8.983010
01/18  05:00:00,10.279516
01/18  06:00:00,12.941121
01/18  07:00:00,14.787351
01/18  08:00:00,10.808732
01/18  09:00:00,7.963277
01/18  10:00:00,7.848161
01/18  11:00:00,9.009478
01/18  12:00:00,9.835850
01/18  13:00:00,11.080407
01/18  14:00:00,13.110628
01/18  15:00:00,15.968782
01/18  16:00:00,18.272952
01/18  17:00:00,17.261913
01/18  18:00:00,14.941220
01/18  19:00:00,15.863827
01/18  20:00:00,16.048663
01/18  21:00:00,15.142919
01/18  22:00:00,13.021052
01/18  23:00:00,10.113808
01/18  24:00:00,8.224907
01/19  01:00:00,7.086420
01/19  02:00:00,7.601739
01/19  03:00:00,8.693546
01/19  04:00:00,9.343600
01/19  05:00:00,10.963940
01/19  06:00:00,13.717608
01/19  07:00:00,15.547655
01/19  08:00:00,11.492754
01/19  09:00:00,7.960093
01/19  10:00:00,7.293837
01/19  11:00:00,7.723425
01/19  12:00:00,7.885934
01/19  13:00:00,8.262572
01/19  14:00:00,8.854362
01/19  15:00:00,9.567037
01/19  16:00:00,10.789999
01/19  17:00:00,12.164586
01/19  18:00:00,11.985001
01/19  19:00:00,13.637493
01/19  20:00:00,14.327431
01/19  21:00:00,14.384023
01/19  22:00:00,12.889167
01/19  23:00:00,10.452801
01/19  24:00:00,8.847362
01/20  01:00:00,8.553880
01/20  02:00:00,9.545375
01/20  03:00:00,10.860576
01/20  04:00:00,13.577556
01/20  05:00:00,15.382053
01/20  06:00:00,17.815241
01/20  07:00:00,17.194568
01/20  08:00:00,14.021151
01/20  09:00:00,8.633223
01/20  10:00:00,7.044541
01/20  11:00:00,7.433815
01/20  12:00:00,8.236773
01/20  13:00:00,9.357560
01/20  14:00:00,10.250642
01/20  15:00:00,11.665496
01/20  16:00:00,14.168433
01/20  17:00:00,15.053416
01/20  18:00:00,13.360924
01/20  19:00:00,15.101041
01/20  20:00:00,14.534583
01/20  21:00:00,14.302068
01/20  22:00:00,12.815887
01/20  23:00:00,10.418955
01/20  24:00:00,9.947308
01/21  01:00:00,10.729654
01/21  02:00:00,11.685963
01/21  03:00:00,13.840055
01/21  04:00:00,15.637076
01/21  05:00:00,17.328203
01/21  06:00:00,20.116172
01/21  07:00:00,19.686027
01/21  08:00:00,16.200913
01/21  09:00:00,9.990371
01/21  10:00:00,7.057406
01/21  11:00:00,6.881151
01/21  12:00:00,7.548628
01/21  13:00:00,8.431497
01/21  14:00:00,9.648849
01/21  15:00:00,11.573913
01/21  16:00:00,15.642971
01/21  17:00:00,17.185410
01/21  18:00:00,14.100209
01/21  19:00:00,15.323609
01/21  20:00:00,15.245067
01/21  21:00:00,14.434602
01/21  22:00:00,12.815887
01/21  23:00:00,10.566764
01/21  24:00:00,9.665466
01/22  01:00:00,10.654795
01/22  02:00:00,11.614101
01/22  03:00:00,13.320263
01/22  04:00:00,15.476771
01/22  05:00:00,17.246892
01/22  06:00:00,19.504787
01/22  07:00:00,18.309451
01/22  08:00:00,15.691816
01/22  09:00:00,10.441805
01/22  10:00:00,7.179611
01/22  11:00:00,6.780405
01/22  12:00:00,6.876824
01/22  13:00:00,7.480184
01/22  14:00:00,8.189537
01/22  15:00:00,8.778678
01/22  16:00:00,11.275280
01/22  17:00:00,13.349836
01/22  18:00:00,12.007910
01/22  19:00:00,13.651181
01/22  20:00:00,14.345312
01/22  21:00:00,14.380516
01/22  22:00:00,13.198223
01/22  23:00:00,11.042519
01/22  24:00:00,12.180079
01/23  01:00:00,12.015389
01/23  02:00:00,12.942667
01/23  03:00:00,15.108328
01/23  04:00:00,16.508258
01/23  05:00:00,15.008378
01/23  06:00:00,12.000165
01/23  07:00:00,9.179814
01/23  08:00:00,9.049377
01/23  09:00:00,7.482206
01/23  10:00:00,6.786195
01/23  11:00:00,6.972695
01/23  12:00:00,7.708240
01/23  13:00:00,8.734396
01/23  14:00:00,9.742708
01/23  15:00:00,11.332813
01/23  16:00:00,14.749381
01/23  17:00:00,16.648648
01/23  18:00:00,14.622868
01/23  19:00:00,15.211194
01/23  20:00:00,14.585316
01/23  21:00:00,14.302959
01/23  22:00:00,12.815887
01/23  23:00:00,10.322411
01/23  24:00:00,9.686344
01/24  01:00:00,10.643496
01/24  02:00:00,11.844358
01/24  03:00:00,13.630041
01/24  04:00:00,15.609033
01/24  05:00:00,17.925669
01/24  06:00:00,20.499158
01/24  07:00:00,21.805874
01/24  08:00:00,15.799580
01/24  09:00:00,9.319850
01/24  10:00:00,6.954203
01/24  11:00:00,6.959080
01/24  12:00:00,7.247188
01/24  13:00:00,7.643110
01/24  14:00:00,8.526069
01/24  15:00:00,9.620098
01/24  16:00:00,12.031216
01/24  17:00:00,14.153136
01/24  18:00:00,13.826196
01/24  19:00:00,14.444074
01/24  20:00:00,14.460714
01/24  21:00:00,14.384023
01/24  22:00:00,13.121511
01/24  23:00:00,11.000036
01/24  24:00:00,11.673573
01/25  01:00:00,11.547022
01/25  02:00:00,12.725613
01/25  03:00:00,15.412809
01/25  04:00:00,16.540106
01/25  05:00:00,18.105326
01/25  06:00:00,20.455978
01/25  07:00:00,21.641773
01/25  08:00:00,17.049446
01/25  09:00:00,9.840305
01/25  10:00:00,6.993570
01/25  11:00:00,6.689754
01/25  12:00:00,6.771443
01/25  13:00:00,7.310720
01/25  14:00:00,8.790987
01/25  15:00:00,10.292891
01/25  16:00:00,12.998595
01/25  17:00:00,14.355563
01/25  18:00:00,13.617633
01/25  19:00:00,14.817078
01/25  20:00:00,14.622461
01/25  21:00:00,14.390914
01/25  22:00:00,12.909026
01/25  23:00:00,10.751308
01/25  24:00:00,9.907891
01/26  01:00:00,11.144215
01/26  02:00:00,12.314421
01/26  03:00:00,14.199874
01/26  04:00:00,15.555807
01/26  05:00:00,17.100539
01/26  06:00:00,19.598761
01/26  07:00:00,19.094777
01/26  08:00:00,16.417771
01/26  09:00:00,9.956634
01/26  10:00:00,6.774193
01/26  11:00:00,6.616221
01/26  12:00:00,6.866726
01/26  13:00:00,7.952083
01/26  14:00:00,9.336860
01/26  15:00:00,11.366518
01/26  16:00:00,15.284014
01/26  17:00:00,16.830382
01/26  18:00:00,14.344000
01/26  19:00:00,15.203637
01/26  20:00:00,14.829620
01/26  21:00:00,14.570070
01/26  22:00:00,12.847413
01/26  23:00:00,10.207410
01/26  24:00:00,8.722372
01/27  01:00:00,8.419027
01/27  02:00:00,9.319285
01/27  03:00:00,11.446739
01/27  04:00:00,13.465021
01/27  05:00:00,15.788018
01/27  06:00:00,18.192390
01/27  07:00:00,17.146380
01/27  08:00:00,13.871863
01/27  09:00:00,8.759138
01/27  10:00:00,6.903037
01/27  11:00:00,7.262321
01/27  12:00:00,8.105960
01/27  13:00:00,8.947073
01/27  14:00:00,10.212510
01/27  15:00:00,12.476749
01/27  16:00:00,16.359578
01/27  17:00:00,17.805035
01/27  18:00:00,15.002271
01/27  19:00:00,15.717634
01/27  20:00:00,15.431835
01/27  21:00:00,14.545450
01/27  22:00:00,12.816278
01/27  23:00:00,10.454379
01/27  24:00:00,9.344356
01/28  01:00:00,9.857197
01/28  02:00:00,11.278859
01/28  03:00:00,12.849227
01/28  04:00:00,15.520655
01/28  05:00:00,17.857057
01/28  06:00:00,19.691026
01/28  07:00:00,18.051534
01/28  08:00:00,14.279157
01/28  09:00:00,9.199306
01/28  10:00:00,6.943539
01/28  11:00:00,6.970753
01/28  12:00:00,7.680762
01/28  13:00:00,8.518530
01/28  14:00:00,9.265147
01/28  15:00:00,10.242667
01/28  16:00:00,12.771159
01/28  17:00:00,14.535975
01/28  18:00:00,13.279380
01/28  19:00:00,14.709187
01/28  20:00:00,14.603380
01/28  21:00:00,14.319515
01/28  22:00:00,13.015082
01/28  23:00:00,10.846820
01/28  24:00:00,11.818849
01/29  01:00:00,12.146787
01/29  02:00:00,13.410533
01/29  03:00:00,15.623287
01/29  04:00:00,16.878257
01/29  05:00:00,18.709557
01/29  06:00:00,21.893347
01/29  07:00:00,24.798884
01/29  08:00:00,17.496638
01/29  09:00:00,12.572057
01/29  10:00:00,8.739231
01/29  11:00:00,6.875495
01/29  12:00:00,6.635842
01/29  13:00:00,6.778907
01/29  14:00:00,7.254528
01/29  15:00:00,8.060107
01/29  16:00:00,9.639222
01/29  17:00:00,11.466243
01/29  18:00:00,12.114710
01/29  19:00:00,13.675614
01/29  20:00:00,14.422640
01/29  21:00:00,14.506575
01/29  22:00:00,13.146710
01/29  23:00:00,10.723849
01/29  24:00:00,10.042662
01/30  01:00:00,9.276272
01/30  02:00:00,9.461666
01/30  03:00:00,10.182045
01/30  04:00:00,10.939493
01/30  05:00:00,12.054245
01/30  06:00:00,13.734316
01/30  07:00:00,12.902868
01/30  08:00:00,13.704748
01/30  09:00:00,11.407388
01/30  10:00:00,9.773682
01/30  11:00:00,10.091741
01/30  12:00:00,9.791389
01/30  13:00:00,9.855700
01/30  14:00:00,9.571881
01/30  15:00:00,9.727338
01/30  16:00:00,10.048715
01/30  17:00:00,11.875975
01/30  18:00:00,13.925019
01/30  19:00:00,14.161866
01/30  20:00:00,15.027343
01/30  21:00:00,15.289061
01/30  22:00:00,14.126213
01/30  23:00:00,15.367248
01/30  24:00:00,18.289610
01/31  01:00:00,17.874531
01/31  02:00:00,17.712851
01/31  03:00:00,18.011994
01/31  04:00:00,18.597788
01/31  05:00:00,19.659084
01/31  06:00:00,21.539723
01/31  07:00:00,22.507291
01/31  08:00:00,16.369322
01/31  09:00:00,10.681163
01/31  10:00:00,7.497835
01/31  11:00:00,6.859923
01/31  12:00:00,6.998399
01/31  13:00:00,7.304527
01/31  14:00:00,7.635351
01/31  15:00:00,8.241537
01/31  16:00:00,9.957283
01/31  17:00:00,11.979112
01/31  18:00:00,11.900062
01/31  19:00:00,13.776289
01/31  20:00:00,14.597487
01/31  21:00:00,14.809502
01/31  22:00:00,13.813384
01/31  23:00:00,13.146888
01/31  24:00:00,13.520752
02/01  01:00:00,13.725894
02/01  02:00:00,15.849108
02/01  03:00:00,17.142217
02/01  04:00:00,18.410444
02/01  05:00:00,20.084885
02/01  06:00:00,21.586291
02/01  07:00:00,22.373604
02/01  08:00:00,17.508359
02/01  09:00:00,12.914369
02/01  10:00:00,8.305691
02/01  11:00:00,6.871551
02/01  12:00:00,6.624856
02/01  13:00:00,6.575363
02/01  14:00:00,6.685880
02/01  15:00:00,6.863400
02/01  16:00:00,7.676515
02/01  17:00:00,9.840879
02/01  18:00:00,11.884472
02/01  19:00:00,13.846805
02/01  20:00:00,14.663936
02/01  21:00:00,14.731318
02/01  22:00:00,13.338738
02/01  23:00:00,11.577302
02/01  24:00:00,12.059703
02/02  01:00:00,12.318321
02/02  02:00:00,12.977620
02/02  03:00:00,14.086363
02/02  04:00:00,16.480148
02/02  05:00:00,17.653112
02/02  06:00:00,19.156266
02/02  07:00:00,18.454219
02/02  08:00:00,18.067657
02/02  09:00:00,11.762963
02/02  10:00:00,8.822251
02/02  11:00:00,8.123801
02/02  12:00:00,6.950875
02/02  13:00:00,6.612150
02/02  14:00:00,6.705575
02/02  15:00:00,6.810824
02/02  16:00:00,8.178443
02/02  17:00:00,11.043039
02/02  18:00:00,12.963141
02/02  19:00:00,13.809892
02/02  20:00:00,14.635373
02/02  21:00:00,14.816722
02/02  22:00:00,14.182674
02/02  23:00:00,13.664047
02/02  24:00:00,12.837916
02/03  01:00:00,12.777352
02/03  02:00:00,13.676651
02/03  03:00:00,14.163185
02/03  04:00:00,14.400579
02/03  05:00:00,14.899236
02/03  06:00:00,16.358744
02/03  07:00:00,15.743856
02/03  08:00:00,16.921158
02/03  09:00:00,14.885562
02/03  10:00:00,12.173293
02/03  11:00:00,9.585144
02/03  12:00:00,7.885334
02/03  13:00:00,6.954969
02/03  14:00:00,6.887092
02/03  15:00:00,7.244539
02/03  16:00:00,8.114223
02/03  17:00:00,10.487906
02/03  18:00:00,12.947615
02/03  19:00:00,13.887972
02/03  20:00:00,14.655697
02/03  21:00:00,14.854203
02/03  22:00:00,13.710439
02/03  23:00:00,13.173589
02/03  24:00:00,16.422946
02/04  01:00:00,16.815787
02/04  02:00:00,17.849121
02/04  03:00:00,19.546540
02/04  04:00:00,20.653323
02/04  05:00:00,21.595589
02/04  06:00:00,23.026914
02/04  07:00:00,21.434308
02/04  08:00:00,17.314682
02/04  09:00:00,12.803970
02/04  10:00:00,9.370842
02/04  11:00:00,7.557567
02/04  12:00:00,6.679366
02/04  13:00:00,6.800031
02/04  14:00:00,7.248823
02/04  15:00:00,7.664663
02/04  16:00:00,10.218974
02/04  17:00:00,13.701562
02/04  18:00:00,12.602360
02/04  19:00:00,13.722344
02/04  20:00:00,14.393258
02/04  21:00:00,14.658505
02/04  22:00:00,13.820842
02/04  23:00:00,13.463549
02/04  24:00:00,14.040602
02/05  01:00:00,13.539940
02/05  02:00:00,14.425111
02/05  03:00:00,16.137565
02/05  04:00:00,17.948712
02/05  05:00:00,19.159413
02/05  06:00:00,20.627921
02/05  07:00:00,20.383631
02/05  08:00:00,15.787663
02/05  09:00:00,10.047892
02/05  10:00:00,7.593868
02/05  11:00:00,6.718987
02/05  12:00:00,6.751271
02/05  13:00:00,7.297078
02/05  14:00:00,8.444913
02/05  15:00:00,9.272747
02/05  16:00:00,11.834508
02/05  17:00:00,13.904378
02/05  18:00:00,12.081781
02/05  19:00:00,13.510554
02/05  20:00:00,14.375937
02/05  21:00:00,14.695585
02/05  22:00:00,13.932249
02/05  23:00:00,13.414032
02/05  24:00:00,14.048310
02/06  01:00:00,14.178023
02/06  02:00:00,16.113685
02/06  03:00:00,17.842521
02/06  04:00:00,19.710053
02/06  05:00:00,20.981811
02/06  06:00:00,22.824330
02/06  07:00:00,21.512545
02/06  08:00:00,20.496300
02/06  09:00:00,13.807451
02/06  10:00:00,8.740958
02/06  11:00:00,7.021730
02/06  12:00:00,6.559378
02/06  13:00:00,6.695687
02/06  14:00:00,6.886246
02/06  15:00:00,7.283354
02/06  16:00:00,8.834049
02/06  17:00:00,11.381918
02/06  18:00:00,12.323364
02/06  19:00:00,13.665846
02/06  20:00:00,14.501070
02/06  21:00:00,14.758526
02/06  22:00:00,14.013188
02/06  23:00:00,13.569280
02/06  24:00:00,13.570326
02/07  01:00:00,13.923223
02/07  02:00:00,15.676589
02/07  03:00:00,17.501573
02/07  04:00:00,18.997164
02/07  05:00:00,19.984192
02/07  06:00:00,21.711275
02/07  07:00:00,23.141473
02/07  08:00:00,16.754507
02/07  09:00:00,10.032019
02/07  10:00:00,7.013534
02/07  11:00:00,6.879669
02/07  12:00:00,7.378653
02/07  13:00:00,8.375059
02/07  14:00:00,9.123290
02/07  15:00:00,9.834791
02/07  16:00:00,13.086938
02/07  17:00:00,15.472368
02/07  18:00:00,13.691463
02/07  19:00:00,14.709887
02/07  20:00:00,15.025878
02/07  21:00:00,14.467192
02/07  22:00:00,12.889167
02/07  23:00:00,10.654083
02/07  24:00:00,10.047300
02/08  01:00:00,9.809694
02/08  02:00:00,11.582001
02/08  03:00:00,13.286377
02/08  04:00:00,14.845882
02/08  05:00:00,16.564134
02/08  06:00:00,19.330549
02/08  07:00:00,20.449616
02/08  08:00:00,14.049981
02/08  09:00:00,8.547191
02/08  10:00:00,6.960758
02/08  11:00:00,7.202248
02/08  12:00:00,8.210388
02/08  13:00:00,9.368402
02/08  14:00:00,11.174006
02/08  15:00:00,13.398485
02/08  16:00:00,16.481695
02/08  17:00:00,18.647545
02/08  18:00:00,16.893275
02/08  19:00:00,16.789274
02/08  20:00:00,16.130835
02/08  21:00:00,15.015679
02/08  22:00:00,12.929847
02/08  23:00:00,10.113808
02/08  24:00:00,8.574479
02/09  01:00:00,8.393412
02/09  02:00:00,9.155516
02/09  03:00:00,11.303778
02/09  04:00:00,13.024710
02/09  05:00:00,15.477173
02/09  06:00:00,17.947687
02/09  07:00:00,17.411910
02/09  08:00:00,13.783463
02/09  09:00:00,8.392244
02/09  10:00:00,7.118617
02/09  11:00:00,8.028198
02/09  12:00:00,9.136940
02/09  13:00:00,10.941802
02/09  14:00:00,13.197530
02/09  15:00:00,15.201205
02/09  16:00:00,18.224779
02/09  17:00:00,20.039114
02/09  18:00:00,17.084283
02/09  19:00:00,17.226979
02/09  20:00:00,16.595787
02/09  21:00:00,15.170965
02/09  22:00:00,12.883407
02/09  23:00:00,10.061348
02/09  24:00:00,8.104872
02/10  01:00:00,7.168113
02/10  02:00:00,8.037994
02/10  03:00:00,9.055598
02/10  04:00:00,10.429792
02/10  05:00:00,13.156225
02/10  06:00:00,16.166442
02/10  07:00:00,15.677473
02/10  08:00:00,12.916717
02/10  09:00:00,8.071055
02/10  10:00:00,6.596973
02/10  11:00:00,6.622352
02/10  12:00:00,6.689512
02/10  13:00:00,7.413573
02/10  14:00:00,9.238852
02/10  15:00:00,11.913654
02/10  16:00:00,15.487082
02/10  17:00:00,16.186835
02/10  18:00:00,15.776532
02/10  19:00:00,17.041306
02/10  20:00:00,16.426760
02/10  21:00:00,15.212316
02/10  22:00:00,12.970691
02/10  23:00:00,10.061348
02/10  24:00:00,8.271821
02/11  01:00:00,7.530800
02/11  02:00:00,8.402662
02/11  03:00:00,9.302599
02/11  04:00:00,10.814987
02/11  05:00:00,13.614150
02/11  06:00:00,16.127843
02/11  07:00:00,15.067588
02/11  08:00:00,12.160354
02/11  09:00:00,7.991039
02/11  10:00:00,6.604254
02/11  11:00:00,6.613558
02/11  12:00:00,6.611300
02/11  13:00:00,6.899022
02/11  14:00:00,8.234446
02/11  15:00:00,9.814263
02/11  16:00:00,13.820964
02/11  17:00:00,16.944754
02/11  18:00:00,15.679288
02/11  19:00:00,16.504250
02/11  20:00:00,16.053107
02/11  21:00:00,15.027279
02/11  22:00:00,12.909160
02/11  23:00:00,10.061348
02/11  24:00:00,8.351794
02/12  01:00:00,7.680501
02/12  02:00:00,8.246702
02/12  03:00:00,9.436075
02/12  04:00:00,10.360353
02/12  05:00:00,13.419321
02/12  06:00:00,15.968726
02/12  07:00:00,14.891584
02/12  08:00:00,12.289284
02/12  09:00:00,8.049831
02/12  10:00:00,6.596973
02/12  11:00:00,6.649946
02/12  12:00:00,6.859297
02/12  13:00:00,8.485972
02/12  14:00:00,10.942535
02/12  15:00:00,12.835274
02/12  16:00:00,16.969267
02/12  17:00:00,19.741461
02/12  18:00:00,17.226990
02/12  19:00:00,17.167800
02/12  20:00:00,16.810784
02/12  21:00:00,15.717855
02/12  22:00:00,13.269480
02/12  23:00:00,10.061348
02/12  24:00:00,7.912376
02/13  01:00:00,6.808499
02/13  02:00:00,7.129823
02/13  03:00:00,7.993715
02/13  04:00:00,9.004318
02/13  05:00:00,10.696924
02/13  06:00:00,13.402687
02/13  07:00:00,12.159953
02/13  08:00:00,12.517876
02/13  09:00:00,11.028885
02/13  10:00:00,9.947328
02/13  11:00:00,9.214360
02/13  12:00:00,7.471178
02/13  13:00:00,6.559819
02/13  14:00:00,6.764668
02/13  15:00:00,7.390860
02/13  16:00:00,8.572969
02/13  17:00:00,10.838781
02/13  18:00:00,12.922887
02/13  19:00:00,13.656676
02/13  20:00:00,14.447947
02/13  21:00:00,14.612422
02/13  22:00:00,13.283244
02/13  23:00:00,11.333911
02/13  24:00:00,12.009378
02/14  01:00:00,11.872640
02/14  02:00:00,11.931126
02/14  03:00:00,11.957242
02/14  04:00:00,12.041719
02/14  05:00:00,12.842435
02/14  06:00:00,14.682399
02/14  07:00:00,15.894924
02/14  08:00:00,13.534987
02/14  09:00:00,8.660996
02/14  10:00:00,6.835515
02/14  11:00:00,6.699957
02/14  12:00:00,6.624856
02/14  13:00:00,6.575363
02/14  14:00:00,6.685880
02/14  15:00:00,6.782019
02/14  16:00:00,7.859291
02/14  17:00:00,10.721711
02/14  18:00:00,11.860407
02/14  19:00:00,13.795127
02/14  20:00:00,14.687121
02/14  21:00:00,14.890155
02/14  22:00:00,14.575299
02/14  23:00:00,14.103858
02/14  24:00:00,15.105248
02/15  01:00:00,16.258407
02/15  02:00:00,17.707778
02/15  03:00:00,18.855155
02/15  04:00:00,20.339393
02/15  05:00:00,21.759190
02/15  06:00:00,22.807884
02/15  07:00:00,22.243469
02/15  08:00:00,14.816760
02/15  09:00:00,8.311722
02/15  10:00:00,6.710913
02/15  11:00:00,6.689754
02/15  12:00:00,6.624856
02/15  13:00:00,6.575363
02/15  14:00:00,6.699809
02/15  15:00:00,6.923987
02/15  16:00:00,9.200708
02/15  17:00:00,13.096411
02/15  18:00:00,13.325189
02/15  19:00:00,13.775935
02/15  20:00:00,14.327431
02/15  21:00:00,14.386224
02/15  22:00:00,13.234881
02/15  23:00:00,11.044875
02/15  24:00:00,11.710558
02/16  01:00:00,12.260563
02/16  02:00:00,13.162555
02/16  03:00:00,15.638472
02/16  04:00:00,16.929703
02/16  05:00:00,17.396654
02/16  06:00:00,18.760515
02/16  07:00:00,19.071532
02/16  08:00:00,13.938853
02/16  09:00:00,8.749507
02/16  10:00:00,6.714233
02/16  11:00:00,6.689754
02/16  12:00:00,6.624856
02/16  13:00:00,6.580510
02/16  14:00:00,6.692357
02/16  15:00:00,6.993411
02/16  16:00:00,8.965363
02/16  17:00:00,11.715372
02/16  18:00:00,12.212825
02/16  19:00:00,13.615008
02/16  20:00:00,14.373180
02/16  21:00:00,14.406794
02/16  22:00:00,13.125385
02/16  23:00:00,10.889795
02/16  24:00:00,10.783483
02/17  01:00:00,10.390567
02/17  02:00:00,12.014961
02/17  03:00:00,13.691865
02/17  04:00:00,14.477220
02/17  05:00:00,14.390807
02/17  06:00:00,15.656086
02/17  07:00:00,14.141274
02/17  08:00:00,14.517396
02/17  09:00:00,11.826454
02/17  10:00:00,8.291407
02/17  11:00:00,6.741056
02/17  12:00:00,6.531042
02/17  13:00:00,6.491229
02/17  14:00:00,6.606977
02/17  15:00:00,6.722710
02/17  16:00:00,8.174545
02/17  17:00:00,11.281111
02/17  18:00:00,12.105640
02/17  19:00:00,13.510554
02/17  20:00:00,14.245077
02/17  21:00:00,14.436297
02/17  22:00:00,13.071214
02/17  23:00:00,10.813759
02/17  24:00:00,10.822817
02/18  01:00:00,10.338060
02/18  02:00:00,10.666117
02/18  03:00:00,12.967694
02/18  04:00:00,15.082438
02/18  05:00:00,16.179716
02/18  06:00:00,17.742861
02/18  07:00:00,16.016010
02/18  08:00:00,13.744135
02/18  09:00:00,10.234824
02/18  10:00:00,7.672003
02/18  11:00:00,6.632377
02/18  12:00:00,6.531042
02/18  13:00:00,6.491229
02/18  14:00:00,6.606977
02/18  15:00:00,6.715738
02/18  16:00:00,7.725274
02/18  17:00:00,9.544978
02/18  18:00:00,11.699267
02/18  19:00:00,13.510554
02/18  20:00:00,14.238864
02/18  21:00:00,14.304377
02/18  22:00:00,12.883007
02/18  23:00:00,10.550615
02/18  24:00:00,9.313190
02/19  01:00:00,8.396491
02/19  02:00:00,8.550353
02/19  03:00:00,8.835862
02/19  04:00:00,9.399074
02/19  05:00:00,10.515481
02/19  06:00:00,12.257849
02/19  07:00:00,11.118064
02/19  08:00:00,12.083576
02/19  09:00:00,10.699401
02/19  10:00:00,10.213946
02/19  11:00:00,9.571882
02/19  12:00:00,9.042764
02/19  13:00:00,7.746334
02/19  14:00:00,6.964331
02/19  15:00:00,6.814773
02/19  16:00:00,7.796286
02/19  17:00:00,10.238756
02/19  18:00:00,12.421552
02/19  19:00:00,13.613448
02/19  20:00:00,14.310536
02/19  21:00:00,14.397024
02/19  22:00:00,13.098096
02/19  23:00:00,11.322937
02/19  24:00:00,11.997604
02/20  01:00:00,11.745463
02/20  02:00:00,12.022293
02/20  03:00:00,12.377270
02/20  04:00:00,12.394061
02/20  05:00:00,13.080143
02/20  06:00:00,14.838852
02/20  07:00:00,13.719186
02/20  08:00:00,14.595859
02/20  09:00:00,12.608721
02/20  10:00:00,10.765608
02/20  11:00:00,9.257393
02/20  12:00:00,7.763693
02/20  13:00:00,6.823471
02/20  14:00:00,6.632194
02/20  15:00:00,6.727589
02/20  16:00:00,7.578868
02/20  17:00:00,9.896563
02/20  18:00:00,12.386181
02/20  19:00:00,13.750383
02/20  20:00:00,14.521690
02/20  21:00:00,14.594604
02/20  22:00:00,13.144706
02/20  23:00:00,11.828559
02/20  24:00:00,13.245671
02/21  01:00:00,16.735791
02/21  02:00:00,17.381553
02/21  03:00:00,16.417538
02/21  04:00:00,16.806729
02/21  05:00:00,16.013429
02/21  06:00:00,16.405325
02/21  07:00:00,16.466190
02/21  08:00:00,12.585694
02/21  09:00:00,8.852836
02/21  10:00:00,6.817095
02/21  11:00:00,6.689754
02/21  12:00:00,6.624856
02/21  13:00:00,6.575363
02/21  14:00:00,6.685880
02/21  15:00:00,6.782019
02/21  16:00:00,7.446404
02/21  17:00:00,9.681249
02/21  18:00:00,11.821330
02/21  19:00:00,13.694326
02/21  20:00:00,14.412165
02/21  21:00:00,14.535462
02/21  22:00:00,13.232264
02/21  23:00:00,11.386546
02/21  24:00:00,12.026495
02/22  01:00:00,11.953891
02/22  02:00:00,13.133143
02/22  03:00:00,13.946652
02/22  04:00:00,13.993667
02/22  05:00:00,14.554151
02/22  06:00:00,16.350986
02/22  07:00:00,17.447790
02/22  08:00:00,14.569210
02/22  09:00:00,9.701700
02/22  10:00:00,8.126438
02/22  11:00:00,7.304998
02/22  12:00:00,6.745066
02/22  13:00:00,6.593906
02/22  14:00:00,6.699886
02/22  15:00:00,6.782019
02/22  16:00:00,7.446404
02/22  17:00:00,9.609441
02/22  18:00:00,11.771786
02/22  19:00:00,13.764055
02/22  20:00:00,14.582360
02/22  21:00:00,14.732963
02/22  22:00:00,13.325024
02/22  23:00:00,13.824776
02/22  24:00:00,17.115375
02/23  01:00:00,17.442106
02/23  02:00:00,16.622743
02/23  03:00:00,17.527016
02/23  04:00:00,17.919628
02/23  05:00:00,19.006510
02/23  06:00:00,21.049900
02/23  07:00:00,19.290960
02/23  08:00:00,15.866518
02/23  09:00:00,10.121273
02/23  10:00:00,7.620518
02/23  11:00:00,6.738543
02/23  12:00:00,6.531042
02/23  13:00:00,6.491229
02/23  14:00:00,6.622022
02/23  15:00:00,7.086642
02/23  16:00:00,8.330482
02/23  17:00:00,10.392682
02/23  18:00:00,12.703721
02/23  19:00:00,13.727049
02/23  20:00:00,14.511908
02/23  21:00:00,14.673880
02/23  22:00:00,14.431653
02/23  23:00:00,13.974487
02/23  24:00:00,15.085692
02/24  01:00:00,14.845365
02/24  02:00:00,15.944689
02/24  03:00:00,17.231415
02/24  04:00:00,15.356194
02/24  05:00:00,15.543840
02/24  06:00:00,16.693564
02/24  07:00:00,15.287174
02/24  08:00:00,15.549210
02/24  09:00:00,12.629943
02/24  10:00:00,10.094306
02/24  11:00:00,8.833752
02/24  12:00:00,7.384905
02/24  13:00:00,6.768894
02/24  14:00:00,6.663157
02/24  15:00:00,6.713226
02/24  16:00:00,7.445070
02/24  17:00:00,9.761496
02/24  18:00:00,12.092722
02/24  19:00:00,13.591881
02/24  20:00:00,14.343882
02/24  21:00:00,14.534095
02/24  22:00:00,13.209765
02/24  23:00:00,11.621693
02/24  24:00:00,12.595603
02/25  01:00:00,12.989973
02/25  02:00:00,13.796935
02/25  03:00:00,14.489110
02/25  04:00:00,16.117876
02/25  05:00:00,16.780855
02/25  06:00:00,18.409628
02/25  07:00:00,16.735729
02/25  08:00:00,13.921519
02/25  09:00:00,10.065298
02/25  10:00:00,7.322795
02/25  11:00:00,6.620095
02/25  12:00:00,6.531042
02/25  13:00:00,6.491229
02/25  14:00:00,6.606977
02/25  15:00:00,7.058760
02/25  16:00:00,10.619483
02/25  17:00:00,14.982110
02/25  18:00:00,14.450289
02/25  19:00:00,15.040977
02/25  20:00:00,14.771175
02/25  21:00:00,14.302068
02/25  22:00:00,12.815887
02/25  23:00:00,10.342693
02/25  24:00:00,9.224318
02/26  01:00:00,8.951792
02/26  02:00:00,9.423086
02/26  03:00:00,10.987398
02/26  04:00:00,11.761608
02/26  05:00:00,12.642654
02/26  06:00:00,15.688455
02/26  07:00:00,14.842961
02/26  08:00:00,10.931354
02/26  09:00:00,7.649921
02/26  10:00:00,6.779740
02/26  11:00:00,6.851402
02/26  12:00:00,7.503358
02/26  13:00:00,8.942824
02/26  14:00:00,11.360142
02/26  15:00:00,14.100183
02/26  16:00:00,18.303324
02/26  17:00:00,21.301854
02/26  18:00:00,18.939622
02/26  19:00:00,18.226816
02/26  20:00:00,17.382221
02/26  21:00:00,16.037107
02/26  22:00:00,13.439701
02/26  23:00:00,10.061348
02/26  24:00:00,7.846680
02/27  01:00:00,6.672943
02/27  02:00:00,6.739365
02/27  03:00:00,7.358845
02/27  04:00:00,7.661078
02/27  05:00:00,9.060527
02/27  06:00:00,11.457602
02/27  07:00:00,10.773064
02/27  08:00:00,9.336611
02/27  09:00:00,7.879976
02/27  10:00:00,7.088666
02/27  11:00:00,7.429398
02/27  12:00:00,9.123096
02/27  13:00:00,12.143866
02/27  14:00:00,15.714315
02/27  15:00:00,18.847427
02/27  16:00:00,22.356666
02/27  17:00:00,23.388459
02/27  18:00:00,20.036074
02/27  19:00:00,19.003682
02/27  20:00:00,18.262297
02/27  21:00:00,16.663568
02/27  22:00:00,13.775187
02/27  23:00:00,10.084447
02/27  24:00:00,7.846680
02/28  01:00:00,6.644777
02/28  02:00:00,6.936633
02/28  03:00:00,7.760691
02/28  04:00:00,8.790931
02/28  05:00:00,9.692611
02/28  06:00:00,10.902559
02/28  07:00:00,11.746307
02/28  08:00:00,9.423314
02/28  09:00:00,7.449449
02/28  10:00:00,6.697233
02/28  11:00:00,6.759614
02/28  12:00:00,6.830714
02/28  13:00:00,7.391507
02/28  14:00:00,8.445569
02/28  15:00:00,8.809531
02/28  16:00:00,11.209962
02/28  17:00:00,14.925908
02/28  18:00:00,14.321792
02/28  19:00:00,13.782582
02/28  20:00:00,14.332491
02/28  21:00:00,14.384023
02/28  22:00:00,12.889167
02/28  23:00:00,10.203772
02/28  24:00:00,8.477294
03/01  01:00:00,7.574708
03/01  02:00:00,7.741332
03/01  03:00:00,8.482028
03/01  04:00:00,8.956290
03/01  05:00:00,10.684171
03/01  06:00:00,13.308616
03/01  07:00:00,14.075107
03/01  08:00:00,10.442418
03/01  09:00:00,7.581286
03/01  10:00:00,6.697233
03/01  11:00:00,6.689754
03/01  12:00:00,6.624856
03/01  13:00:00,6.575363
03/01  14:00:00,6.685880
03/01  15:00:00,6.863941
03/01  16:00:00,8.804017
03/01  17:00:00,11.901969
03/01  18:00:00,12.243970
03/01  19:00:00,13.635081
03/01  20:00:00,14.385482
03/01  21:00:00,14.384023
03/01  22:00:00,13.016932
03/01  23:00:00,10.812688
03/01  24:00:00,10.511678
03/02  01:00:00,11.567890
03/02  02:00:00,12.437984
03/02  03:00:00,14.522633
03/02  04:00:00,15.806366
03/02  05:00:00,17.499566
03/02  06:00:00,19.800808
03/02  07:00:00,17.359909
03/02  08:00:00,14.497524
03/02  09:00:00,9.113290
03/02  10:00:00,6.660824
03/02  11:00:00,6.589185
03/02  12:00:00,6.531042
03/02  13:00:00,6.491229
03/02  14:00:00,6.606977
03/02  15:00:00,6.713226
03/02  16:00:00,8.157233
03/02  17:00:00,11.985179
03/02  18:00:00,12.954275
03/02  19:00:00,13.600464
03/02  20:00:00,14.246539
03/02  21:00:00,14.302068
03/02  22:00:00,12.815887
03/02  23:00:00,10.261697
03/02  24:00:00,8.830703
03/03  01:00:00,8.042294
03/03  02:00:00,8.312048
03/03  03:00:00,9.310609
03/03  04:00:00,9.884577
03/03  05:00:00,11.622541
03/03  06:00:00,13.882050
03/03  07:00:00,12.103857
03/03  08:00:00,11.359609
03/03  09:00:00,8.367600
03/03  10:00:00,6.701872
03/03  11:00:00,6.589185
03/03  12:00:00,6.531042
03/03  13:00:00,6.492244
03/03  14:00:00,6.739932
03/03  15:00:00,7.002636
03/03  16:00:00,8.080031
03/03  17:00:00,10.251457
03/03  18:00:00,12.512131
03/03  19:00:00,13.782744
03/03  20:00:00,14.730061
03/03  21:00:00,15.046012
03/03  22:00:00,13.827014
03/03  23:00:00,13.063167
03/03  24:00:00,14.572465
03/04  01:00:00,15.749976
03/04  02:00:00,18.364359
03/04  03:00:00,19.944141
03/04  04:00:00,19.990131
03/04  05:00:00,20.003857
03/04  06:00:00,19.292355
03/04  07:00:00,16.513210
03/04  08:00:00,14.204639
03/04  09:00:00,10.515421
03/04  10:00:00,8.253370
03/04  11:00:00,7.213233
03/04  12:00:00,7.564468
03/04  13:00:00,8.546016
03/04  14:00:00,9.015320
03/04  15:00:00,8.930268
03/04  16:00:00,9.822975
03/04  17:00:00,12.572691
03/04  18:00:00,15.197236
03/04  19:00:00,15.140058
03/04  20:00:00,16.135016
03/04  21:00:00,16.577548
03/04  22:00:00,15.403889
03/04  23:00:00,16.048066
03/04  24:00:00,18.857748
03/05  01:00:00,18.442944
03/05  02:00:00,18.433888
03/05  03:00:00,18.393885
03/05  04:00:00,18.285689
03/05  05:00:00,18.841014
03/05  06:00:00,20.068724
03/05  07:00:00,18.595311
03/05  08:00:00,19.474454
03/05  09:00:00,17.416090
03/05  10:00:00,14.010675
03/05  11:00:00,13.391566
03/05  12:00:00,12.317575
03/05  13:00:00,11.888359
03/05  14:00:00,10.290269
03/05  15:00:00,10.459571
03/05  16:00:00,11.139541
03/05  17:00:00,12.777515
03/05  18:00:00,18.732346
03/05  19:00:00,19.386207
03/05  20:00:00,20.240336
03/05  21:00:00,21.247732
03/05  22:00:00,20.636151
03/05  23:00:00,22.608601
03/05  24:00:00,24.414247
03/06  01:00:00,21.131885
03/06  02:00:00,20.465547
03/06  03:00:00,20.616934
03/06  04:00:00,20.744573
03/06  05:00:00,21.310300
03/06  06:00:00,22.519625
03/06  07:00:00,20.031106
03/06  08:00:00,17.658276
03/06  09:00:00,12.661401
03/06  10:00:00,9.288370
03/06  11:00:00,8.075764
03/06  12:00:00,7.582372
03/06  13:00:00,7.348837
03/06  14:00:00,7.241860
03/06  15:00:00,7.152731
03/06  16:00:00,7.946806
03/06  17:00:00,10.884041
03/06  18:00:00,13.233780
03/06  19:00:00,13.916134
03/06  20:00:00,14.656394
03/06  21:00:00,15.519935
03/06  22:00:00,15.188143
03/06  23:00:00,14.813462
03/06  24:00:00,16.210652
03/07  01:00:00,17.107945
03/07  02:00:00,18.408687
03/07  03:00:00,19.008209
03/07  04:00:00,19.522685
03/07  05:00:00,19.944555
03/07  06:00:00,20.916127
03/07  07:00:00,21.276114
03/07  08:00:00,17.008912
03/07  09:00:00,11.402772
03/07  10:00:00,7.582972
03/07  11:00:00,6.817357
03/07  12:00:00,6.842367
03/07  13:00:00,6.765786
03/07  14:00:00,6.916156
03/07  15:00:00,6.974460
03/07  16:00:00,7.779882
03/07  17:00:00,10.116496
03/07  18:00:00,12.029759
03/07  19:00:00,13.861050
03/07  20:00:00,14.588667
03/07  21:00:00,14.655278
03/07  22:00:00,13.216433
03/07  23:00:00,11.833733
03/07  24:00:00,12.557645
03/08  01:00:00,12.110018
03/08  02:00:00,12.725610
03/08  03:00:00,13.482296
03/08  04:00:00,14.529536
03/08  05:00:00,15.930915
03/08  06:00:00,17.412493
03/08  07:00:00,15.481463
03/08  08:00:00,12.887554
03/08  09:00:00,12.333880
03/08  10:00:00,12.305688
03/08  11:00:00,10.788898
03/08  12:00:00,8.666217
03/08  13:00:00,7.999425
03/08  14:00:00,7.110134
03/08  15:00:00,7.446404
03/08  16:00:00,9.557953
03/08  17:00:00,12.241264
03/08  18:00:00,14.614260
03/08  19:00:00,14.884581
03/08  20:00:00,14.856742
03/08  21:00:00,13.562832
03/08  22:00:00,12.948247
03/08  23:00:00,14.035569
03/08  24:00:00,13.668208
03/09  01:00:00,16.045863
03/09  02:00:00,17.159171
03/09  03:00:00,17.369205
03/09  04:00:00,17.931242
03/09  05:00:00,19.323160
03/09  06:00:00,18.740859
03/09  07:00:00,18.606338
03/09  08:00:00,13.559922
03/09  09:00:00,9.643092
03/09  10:00:00,7.891987
03/09  11:00:00,6.829948
03/09  12:00:00,6.491229
03/09  13:00:00,6.606977
03/09  14:00:00,6.713226
03/09  15:00:00,7.381667
03/09  16:00:00,9.471617
03/09  17:00:00,11.714823
03/09  18:00:00,13.540960
03/09  19:00:00,14.393577
03/09  20:00:00,14.550707
03/09  21:00:00,13.175739
03/09  22:00:00,11.242086
03/09  23:00:00,11.151644
03/09  24:00:00,8.943447
03/10  01:00:00,11.387043
03/10  02:00:00,13.701610
03/10  03:00:00,15.446715
03/10  04:00:00,16.711828
03/10  05:00:00,20.390256
03/10  06:00:00,19.796146
03/10  07:00:00,18.880202
03/10  08:00:00,13.635523
03/10  09:00:00,9.149845
03/10  10:00:00,6.640429
03/10  11:00:00,6.531042
03/10  12:00:00,6.491229
03/10  13:00:00,6.606977
03/10  14:00:00,6.713226
03/10  15:00:00,7.517626
03/10  16:00:00,12.696680
03/10  17:00:00,18.018843
03/10  18:00:00,17.504762
03/10  19:00:00,15.574455
03/10  20:00:00,15.376610
03/10  21:00:00,13.013848
03/10  22:00:00,10.090077
03/10  23:00:00,8.366434
03/10  24:00:00,7.909594
03/11  01:00:00,8.192951
03/11  02:00:00,8.399905
03/11  03:00:00,10.050844
03/11  04:00:00,12.233414
03/11  05:00:00,14.789503
03/11  06:00:00,14.326550
03/11  07:00:00,15.495881
03/11  08:00:00,10.060409
03/11  09:00:00,6.609857
03/11  10:00:00,6.589185
03/11  11:00:00,6.531042
03/11  12:00:00,6.491229
03/11  13:00:00,6.716627
03/11  14:00:00,8.152542
03/11  15:00:00,12.557342
03/11  16:00:00,19.128900
03/11  17:00:00,22.870946
03/11  18:00:00,21.634333
03/11  19:00:00,18.462315
03/11  20:00:00,16.743654
03/11  21:00:00,14.189076
03/11  22:00:00,10.279101
03/11  23:00:00,7.846680
03/11  24:00:00,6.392707
03/12  01:00:00,6.390037
03/12  02:00:00,7.066197
03/12  03:00:00,7.601274
03/12  04:00:00,9.025610
03/12  05:00:00,14.301086
03/12  06:00:00,13.876803
03/12  07:00:00,12.425262
03/12  08:00:00,10.114314
03/12  09:00:00,7.014021
03/12  10:00:00,6.589185
03/12  11:00:00,6.531042
03/12  12:00:00,6.491229
03/12  13:00:00,6.606977
03/12  14:00:00,6.720382
03/12  15:00:00,7.632814
03/12  16:00:00,12.389861
03/12  17:00:00,17.328498
03/12  18:00:00,16.301308
03/12  19:00:00,14.587652
03/12  20:00:00,14.686873
03/12  21:00:00,13.110641
03/12  22:00:00,10.061348
03/12  23:00:00,8.171238
03/12  24:00:00,7.001062
03/13  01:00:00,7.209108
03/13  02:00:00,7.374013
03/13  03:00:00,7.453456
03/13  04:00:00,8.279164
03/13  05:00:00,10.410438
03/13  06:00:00,10.158359
03/13  07:00:00,10.653248
03/13  08:00:00,9.868206
03/13  09:00:00,8.971199
03/13  10:00:00,6.765149
03/13  11:00:00,6.531042
03/13  12:00:00,6.491229
03/13  13:00:00,6.606977
03/13  14:00:00,6.713226
03/13  15:00:00,7.381667
03/13  16:00:00,10.036078
03/13  17:00:00,14.709181
03/13  18:00:00,15.613564
03/13  19:00:00,14.383794
03/13  20:00:00,14.302068
03/13  21:00:00,12.815887
03/13  22:00:00,10.063861
03/13  23:00:00,8.369737
03/13  24:00:00,7.833333
03/14  01:00:00,7.809791
03/14  02:00:00,8.400139
03/14  03:00:00,9.028342
03/14  04:00:00,10.166008
03/14  05:00:00,12.884263
03/14  06:00:00,17.343448
03/14  07:00:00,13.692814
03/14  08:00:00,7.848282
03/14  09:00:00,6.697233
03/14  10:00:00,6.689754
03/14  11:00:00,6.624856
03/14  12:00:00,6.575363
03/14  13:00:00,6.685880
03/14  14:00:00,6.848002
03/14  15:00:00,8.354819
03/14  16:00:00,14.813171
03/14  17:00:00,20.594834
03/14  18:00:00,19.334454
03/14  19:00:00,16.467548
03/14  20:00:00,15.014548
03/14  21:00:00,13.043165
03/14  22:00:00,10.113808
03/14  23:00:00,8.284975
03/14  24:00:00,7.263178
03/15  01:00:00,7.432217
03/15  02:00:00,7.673578
03/15  03:00:00,7.972996
03/15  04:00:00,8.898063
03/15  05:00:00,11.629034
03/15  06:00:00,13.839814
03/15  07:00:00,12.091824
03/15  08:00:00,9.554192
03/15  09:00:00,8.386548
03/15  10:00:00,6.710671
03/15  11:00:00,6.624856
03/15  12:00:00,6.575363
03/15  13:00:00,6.685880
03/15  14:00:00,6.782019
03/15  15:00:00,7.446404
03/15  16:00:00,10.692098
03/15  17:00:00,15.656726
03/15  18:00:00,15.966363
03/15  19:00:00,14.380819
03/15  20:00:00,14.384023
03/15  21:00:00,12.889167
03/15  22:00:00,10.372666
03/15  23:00:00,8.356646
03/15  24:00:00,7.488873
03/16  01:00:00,7.421170
03/16  02:00:00,7.441107
03/16  03:00:00,7.412954
03/16  04:00:00,7.847794
03/16  05:00:00,10.188742
03/16  06:00:00,9.663345
03/16  07:00:00,9.786048
03/16  08:00:00,8.170362
03/16  09:00:00,6.822562
03/16  10:00:00,6.589185
03/16  11:00:00,6.531042
03/16  12:00:00,6.491229
03/16  13:00:00,6.606977
03/16  14:00:00,6.713226
03/16  15:00:00,7.381667
03/16  16:00:00,10.685625
03/16  17:00:00,15.312381
03/16  18:00:00,15.530859
03/16  19:00:00,14.243537
03/16  20:00:00,14.302068
03/16  21:00:00,12.815887
03/16  22:00:00,10.539834
03/16  23:00:00,8.544917
03/16  24:00:00,7.394328
03/17  01:00:00,7.124020
03/17  02:00:00,7.124874
03/17  03:00:00,7.244743
03/17  04:00:00,7.920884
03/17  05:00:00,11.252630
03/17  06:00:00,10.561122
03/17  07:00:00,10.063053
03/17  08:00:00,7.438249
03/17  09:00:00,6.596973
03/17  10:00:00,6.589185
03/17  11:00:00,6.531042
03/17  12:00:00,6.491229
03/17  13:00:00,6.606977
03/17  14:00:00,6.720752
03/17  15:00:00,9.061481
03/17  16:00:00,16.893721
03/17  17:00:00,21.035772
03/17  18:00:00,20.553006
03/17  19:00:00,18.396172
03/17  20:00:00,17.383573
03/17  21:00:00,14.783521
03/17  22:00:00,10.404541
03/17  23:00:00,7.846680
03/17  24:00:00,6.307712
03/18  01:00:00,5.941004
03/18  02:00:00,6.130108
03/18  03:00:00,6.630383
03/18  04:00:00,7.689918
03/18  05:00:00,9.564150
03/18  06:00:00,9.755860
03/18  07:00:00,10.082561
03/18  08:00:00,7.558648
03/18  09:00:00,6.596973
03/18  10:00:00,6.589185
03/18  11:00:00,6.531042
03/18  12:00:00,6.491229
03/18  13:00:00,6.631394
03/18  14:00:00,7.522382
03/18  15:00:00,9.437398
03/18  16:00:00,16.062260
03/18  17:00:00,21.493187
03/18  18:00:00,21.219984
03/18  19:00:00,18.857150
03/18  20:00:00,17.688135
03/18  21:00:00,14.809057
03/18  22:00:00,10.305725
03/18  23:00:00,7.846680
03/18  24:00:00,6.307712
03/19  01:00:00,5.898158
03/19  02:00:00,6.055520
03/19  03:00:00,6.238770
03/19  04:00:00,7.453143
03/19  05:00:00,10.435180
03/19  06:00:00,9.661325
03/19  07:00:00,9.710629
03/19  08:00:00,7.393668
03/19  09:00:00,6.596973
03/19  10:00:00,6.589185
03/19  11:00:00,6.531042
03/19  12:00:00,6.491229
03/19  13:00:00,6.606977
03/19  14:00:00,6.741385
03/19  15:00:00,7.627736
03/19  16:00:00,11.860748
03/19  17:00:00,15.762608
03/19  18:00:00,15.865496
03/19  19:00:00,15.049320
03/19  20:00:00,15.104910
03/19  21:00:00,12.969635
03/19  22:00:00,10.061348
03/19  23:00:00,8.008175
03/19  24:00:00,6.649372
03/20  01:00:00,6.434195
03/20  02:00:00,6.637099
03/20  03:00:00,6.665755
03/20  04:00:00,7.445070
03/20  05:00:00,9.892055
03/20  06:00:00,9.579144
03/20  07:00:00,9.589768
03/20  08:00:00,7.382060
03/20  09:00:00,6.596973
03/20  10:00:00,6.589185
03/20  11:00:00,6.531042
03/20  12:00:00,6.491229
03/20  13:00:00,6.606977
03/20  14:00:00,6.713226
03/20  15:00:00,7.386914
03/20  16:00:00,11.384562
03/20  17:00:00,16.645100
03/20  18:00:00,16.774526
03/20  19:00:00,14.572512
03/20  20:00:00,14.416926
03/20  21:00:00,12.816842
03/20  22:00:00,10.061348
03/20  23:00:00,7.846680
03/20  24:00:00,6.322674
03/21  01:00:00,5.898215
03/21  02:00:00,5.984348
03/21  03:00:00,5.935819
03/21  04:00:00,6.365151
03/21  05:00:00,10.077969
03/21  06:00:00,10.730626
03/21  07:00:00,9.090775
03/21  08:00:00,7.449449
03/21  09:00:00,6.697233
03/21  10:00:00,6.689754
03/21  11:00:00,6.624856
03/21  12:00:00,6.575363
03/21  13:00:00,6.685880
03/21  14:00:00,6.782019
03/21  15:00:00,7.682062
03/21  16:00:00,13.244873
03/21  17:00:00,19.066923
03/21  18:00:00,18.238952
03/21  19:00:00,15.386811
03/21  20:00:00,14.421883
03/21  21:00:00,12.889167
03/21  22:00:00,10.113808
03/21  23:00:00,8.090109
03/21  24:00:00,7.026267
03/22  01:00:00,7.386251
03/22  02:00:00,8.016684
03/22  03:00:00,9.130306
03/22  04:00:00,10.295646
03/22  05:00:00,17.652387
03/22  06:00:00,17.411252
03/22  07:00:00,11.526914
03/22  08:00:00,7.589403
03/22  09:00:00,6.697233
03/22  10:00:00,6.689754
03/22  11:00:00,6.624856
03/22  12:00:00,6.575363
03/22  13:00:00,6.685880
03/22  14:00:00,6.782019
03/22  15:00:00,7.512703
03/22  16:00:00,11.228869
03/22  17:00:00,17.070167
03/22  18:00:00,17.765127
03/22  19:00:00,15.649689
03/22  20:00:00,15.341804
03/22  21:00:00,13.417542
03/22  22:00:00,10.113808
03/22  23:00:00,7.888089
03/22  24:00:00,6.718989
03/23  01:00:00,6.964774
03/23  02:00:00,7.679687
03/23  03:00:00,8.252184
03/23  04:00:00,9.387534
03/23  05:00:00,12.932199
03/23  06:00:00,14.599246
03/23  07:00:00,15.271494
03/23  08:00:00,9.898027
03/23  09:00:00,7.298476
03/23  10:00:00,6.617177
03/23  11:00:00,6.531042
03/23  12:00:00,6.491229
03/23  13:00:00,6.606977
03/23  14:00:00,6.713226
03/23  15:00:00,7.381667
03/23  16:00:00,10.434348
03/23  17:00:00,14.882951
03/23  18:00:00,15.864749
03/23  19:00:00,14.433166
03/23  20:00:00,14.307315
03/23  21:00:00,12.815887
03/23  22:00:00,10.062965
03/23  23:00:00,8.388004
03/23  24:00:00,7.676169
03/24  01:00:00,7.782983
03/24  02:00:00,8.309285
03/24  03:00:00,8.729725
03/24  04:00:00,10.108083
03/24  05:00:00,14.224895
03/24  06:00:00,15.228893
03/24  07:00:00,14.329318
03/24  08:00:00,8.396324
03/24  09:00:00,6.631594
03/24  10:00:00,6.589185
03/24  11:00:00,6.531042
03/24  12:00:00,6.491229
03/24  13:00:00,6.606977
03/24  14:00:00,6.713226
03/24  15:00:00,7.381667
03/24  16:00:00,9.950396
03/24  17:00:00,14.081353
03/24  18:00:00,15.207347
03/24  19:00:00,14.274944
03/24  20:00:00,14.325134
03/24  21:00:00,12.821501
03/24  22:00:00,10.290356
03/24  23:00:00,8.605133
03/24  24:00:00,7.880883
03/25  01:00:00,7.945197
03/25  02:00:00,8.618388
03/25  03:00:00,9.437922
03/25  04:00:00,12.654428
03/25  05:00:00,16.513612
03/25  06:00:00,15.359271
03/25  07:00:00,13.671979
03/25  08:00:00,9.848802
03/25  09:00:00,8.495626
03/25  10:00:00,7.162773
03/25  11:00:00,6.531042
03/25  12:00:00,6.491229
03/25  13:00:00,6.606977
03/25  14:00:00,6.713226
03/25  15:00:00,7.381667
03/25  16:00:00,9.710217
03/25  17:00:00,14.013406
03/25  18:00:00,15.564081
03/25  19:00:00,14.250221
03/25  20:00:00,14.302068
03/25  21:00:00,12.868417
03/25  22:00:00,10.816965
03/25  23:00:00,9.395790
03/25  24:00:00,8.420147
03/26  01:00:00,8.972388
03/26  02:00:00,9.786978
03/26  03:00:00,12.251757
03/26  04:00:00,14.124751
03/26  05:00:00,18.092726
03/26  06:00:00,19.574462
03/26  07:00:00,17.056499
03/26  08:00:00,12.366181
03/26  09:00:00,7.220050
03/26  10:00:00,6.589185
03/26  11:00:00,6.531042
03/26  12:00:00,6.491229
03/26  13:00:00,6.606977
03/26  14:00:00,6.713226
03/26  15:00:00,7.403728
03/26  16:00:00,12.103761
03/26  17:00:00,17.875950
03/26  18:00:00,17.781783
03/26  19:00:00,15.157810
03/26  20:00:00,14.569144
03/26  21:00:00,12.889629
03/26  22:00:00,10.061854
03/26  23:00:00,7.939932
03/26  24:00:00,6.722524
03/27  01:00:00,6.812116
03/27  02:00:00,7.032468
03/27  03:00:00,7.154208
03/27  04:00:00,8.113684
03/27  05:00:00,11.705867
03/27  06:00:00,10.114847
03/27  07:00:00,10.163507
03/27  08:00:00,8.065845
03/27  09:00:00,6.602357
03/27  10:00:00,6.589185
03/27  11:00:00,6.531042
03/27  12:00:00,6.491229
03/27  13:00:00,6.606977
03/27  14:00:00,6.713226
03/27  15:00:00,7.381667
03/27  16:00:00,9.471617
03/27  17:00:00,12.307311
03/27  18:00:00,13.937235
03/27  19:00:00,14.288791
03/27  20:00:00,14.476596
03/27  21:00:00,13.157817
03/27  22:00:00,10.674239
03/27  23:00:00,9.186474
03/27  24:00:00,7.989885
03/28  01:00:00,8.194614
03/28  02:00:00,8.793864
03/28  03:00:00,9.630610
03/28  04:00:00,10.752365
03/28  05:00:00,12.438771
03/28  06:00:00,13.561913
03/28  07:00:00,10.897346
03/28  08:00:00,8.519053
03/28  09:00:00,7.920143
03/28  10:00:00,7.063981
03/28  11:00:00,6.708108
03/28  12:00:00,6.575363
03/28  13:00:00,6.685880
03/28  14:00:00,6.782019
03/28  15:00:00,7.446404
03/28  16:00:00,9.537112
03/28  17:00:00,11.719860
03/28  18:00:00,13.590943
03/28  19:00:00,14.327431
03/28  20:00:00,14.439512
03/28  21:00:00,13.204898
03/28  22:00:00,11.144894
03/28  23:00:00,9.482144
03/28  24:00:00,8.815610
03/29  01:00:00,9.402523
03/29  02:00:00,10.194341
03/29  03:00:00,10.884396
03/29  04:00:00,11.315366
03/29  05:00:00,14.522395
03/29  06:00:00,16.039828
03/29  07:00:00,13.572088
03/29  08:00:00,9.138533
03/29  09:00:00,6.796655
03/29  10:00:00,6.689754
03/29  11:00:00,6.624856
03/29  12:00:00,6.575363
03/29  13:00:00,6.685880
03/29  14:00:00,6.782019
03/29  15:00:00,7.446404
03/29  16:00:00,9.537112
03/29  17:00:00,11.719860
03/29  18:00:00,13.590943
03/29  19:00:00,14.327431
03/29  20:00:00,14.384023
03/29  21:00:00,12.889167
03/29  22:00:00,10.305222
03/29  23:00:00,8.474996
03/29  24:00:00,8.066043
03/30  01:00:00,8.436604
03/30  02:00:00,9.246896
03/30  03:00:00,10.307692
03/30  04:00:00,10.729807
03/30  05:00:00,12.444999
03/30  06:00:00,11.872802
03/30  07:00:00,11.558828
03/30  08:00:00,8.083038
03/30  09:00:00,6.596973
03/30  10:00:00,6.589185
03/30  11:00:00,6.531042
03/30  12:00:00,6.491229
03/30  13:00:00,6.606977
03/30  14:00:00,6.713226
03/30  15:00:00,7.381667
03/30  16:00:00,10.713694
03/30  17:00:00,16.083513
03/30  18:00:00,16.942195
03/30  19:00:00,14.806858
03/30  20:00:00,14.471439
03/30  21:00:00,12.917508
03/30  22:00:00,10.061348
03/30  23:00:00,8.132421
03/30  24:00:00,7.258682
03/31  01:00:00,7.821256
03/31  02:00:00,8.188567
03/31  03:00:00,8.951862
03/31  04:00:00,11.516336
03/31  05:00:00,18.621206
03/31  06:00:00,16.046199
03/31  07:00:00,12.232691
03/31  08:00:00,7.861370
03/31  09:00:00,6.596973
03/31  10:00:00,6.589185
03/31  11:00:00,6.531042
03/31  12:00:00,6.491229
03/31  13:00:00,6.731945
03/31  14:00:00,7.993915
03/31  15:00:00,12.154425
03/31  16:00:00,19.857872
03/31  17:00:00,25.924417
03/31  18:00:00,26.038992
03/31  19:00:00,20.134502
03/31  20:00:00,16.480123
03/31  21:00:00,13.448009
03/31  22:00:00,10.063980
03/31  23:00:00,7.846680
03/31  24:00:00,6.307712
04/01  01:00:00,5.954792
04/01  02:00:00,6.104236
04/01  03:00:00,6.232127
04/01  04:00:00,7.008763
04/01  05:00:00,9.043260
04/01  06:00:00,9.161711
04/01  07:00:00,10.707069
04/01  08:00:00,9.117959
04/01  09:00:00,7.112381
04/01  10:00:00,6.589185
04/01  11:00:00,6.531042
04/01  12:00:00,6.491229
04/01  13:00:00,6.606977
04/01  14:00:00,6.713226
04/01  15:00:00,7.381667
04/01  16:00:00,9.502796
04/01  17:00:00,12.147523
04/01  18:00:00,14.323031
04/01  19:00:00,14.278503
04/01  20:00:00,14.302068
04/01  21:00:00,12.815887
04/01  22:00:00,10.115376
04/01  23:00:00,8.130242
04/01  24:00:00,6.761925
04/02  01:00:00,6.478782
04/02  02:00:00,6.426267
04/02  03:00:00,6.410832
04/02  04:00:00,7.100213
04/02  05:00:00,10.148509
04/02  06:00:00,9.274614
04/02  07:00:00,9.247925
04/02  08:00:00,7.372965
04/02  09:00:00,6.598598
04/02  10:00:00,6.589185
04/02  11:00:00,6.531042
04/02  12:00:00,6.491229
04/02  13:00:00,6.606977
04/02  14:00:00,6.713226
04/02  15:00:00,7.381667
04/02  16:00:00,9.506882
04/02  17:00:00,11.891796
04/02  18:00:00,13.756575
04/02  19:00:00,14.250436
04/02  20:00:00,14.302068
04/02  21:00:00,12.815887
04/02  22:00:00,10.061348
04/02  23:00:00,7.846680
04/02  24:00:00,6.432614
04/03  01:00:00,6.158789
04/03  02:00:00,6.287421
04/03  03:00:00,6.465711
04/03  04:00:00,7.041553
04/03  05:00:00,8.524362
04/03  06:00:00,8.814125
04/03  07:00:00,9.026216
04/03  08:00:00,7.367532
04/03  09:00:00,6.596973
04/03  10:00:00,6.589185
04/03  11:00:00,6.531042
04/03  12:00:00,6.491229
04/03  13:00:00,6.606977
04/03  14:00:00,6.713226
04/03  15:00:00,7.806441
04/03  16:00:00,13.392981
04/03  17:00:00,19.481394
04/03  18:00:00,19.845940
04/03  19:00:00,16.792286
04/03  20:00:00,15.493872
04/03  21:00:00,13.008153
04/03  22:00:00,10.061348
04/03  23:00:00,7.846680
04/03  24:00:00,6.384261
04/04  01:00:00,6.214182
04/04  02:00:00,6.584498
04/04  03:00:00,6.923960
04/04  04:00:00,7.512196
04/04  05:00:00,9.138108
04/04  06:00:00,10.247403
04/04  07:00:00,9.301683
04/04  08:00:00,7.450511
04/04  09:00:00,6.697233
04/04  10:00:00,6.689754
04/04  11:00:00,6.624856
04/04  12:00:00,6.575363
04/04  13:00:00,6.685880
04/04  14:00:00,6.782019
04/04  15:00:00,7.446404
04/04  16:00:00,11.339571
04/04  17:00:00,16.358901
04/04  18:00:00,16.594369
04/04  19:00:00,14.638791
04/04  20:00:00,14.418307
04/04  21:00:00,12.889167
04/04  22:00:00,10.113808
04/04  23:00:00,7.955412
04/04  24:00:00,6.523383
04/05  01:00:00,6.166167
04/05  02:00:00,6.178108
04/05  03:00:00,6.329201
04/05  04:00:00,7.032656
04/05  05:00:00,8.402845
04/05  06:00:00,10.016659
04/05  07:00:00,9.301078
04/05  08:00:00,7.449449
04/05  09:00:00,6.697233
04/05  10:00:00,6.689754
04/05  11:00:00,6.624856
04/05  12:00:00,6.575363
04/05  13:00:00,6.685880
04/05  14:00:00,6.782019
04/05  15:00:00,7.446404
04/05  16:00:00,10.952567
04/05  17:00:00,15.741975
04/05  18:00:00,16.508281
04/05  19:00:00,14.881797
04/05  20:00:00,14.457250
04/05  21:00:00,12.889167
04/05  22:00:00,10.113808
04/05  23:00:00,7.930893
04/05  24:00:00,6.515973
04/06  01:00:00,6.199733
04/06  02:00:00,6.418337
04/06  03:00:00,6.674000
04/06  04:00:00,7.363637
04/06  05:00:00,9.093387
04/06  06:00:00,9.178776
04/06  07:00:00,9.462795
04/06  08:00:00,7.423183
04/06  09:00:00,6.596973
04/06  10:00:00,6.589185
04/06  11:00:00,6.531042
04/06  12:00:00,6.491229
04/06  13:00:00,6.606977
04/06  14:00:00,6.713226
04/06  15:00:00,7.572650
04/06  16:00:00,11.784836
04/06  17:00:00,17.030626
04/06  18:00:00,18.444089
04/06  19:00:00,15.705244
04/06  20:00:00,14.385575
04/06  21:00:00,12.820183
04/06  22:00:00,10.061348
04/06  23:00:00,7.846680
04/06  24:00:00,6.307712
04/07  01:00:00,5.909835
04/07  02:00:00,5.924366
04/07  03:00:00,5.882828
04/07  04:00:00,6.409235
04/07  05:00:00,7.853475
04/07  06:00:00,8.735257
04/07  07:00:00,9.008041
04/07  08:00:00,7.367532
04/07  09:00:00,6.596973
04/07  10:00:00,6.589185
04/07  11:00:00,6.531042
04/07  12:00:00,6.491229
04/07  13:00:00,6.606977
04/07  14:00:00,6.758427
04/07  15:00:00,7.893418
04/07  16:00:00,14.093927
04/07  17:00:00,20.026545
04/07  18:00:00,18.599547
04/07  19:00:00,15.693090
04/07  20:00:00,15.084722
04/07  21:00:00,12.934133
04/07  22:00:00,10.061348
04/07  23:00:00,7.846680
04/07  24:00:00,6.307712
04/08  01:00:00,5.901385
04/08  02:00:00,5.897947
04/08  03:00:00,5.806152
04/08  04:00:00,6.328068
04/08  05:00:00,7.924134
04/08  06:00:00,8.735257
04/08  07:00:00,9.008041
04/08  08:00:00,7.367532
04/08  09:00:00,6.596973
04/08  10:00:00,6.589185
04/08  11:00:00,6.531042
04/08  12:00:00,6.491229
04/08  13:00:00,7.018036
04/08  14:00:00,9.269139
04/08  15:00:00,12.707519
04/08  16:00:00,19.632403
04/08  17:00:00,24.685429
04/08  18:00:00,23.676896
04/08  19:00:00,19.762501
04/08  20:00:00,17.599797
04/08  21:00:00,15.105731
04/08  22:00:00,10.949712
04/08  23:00:00,7.856468
04/08  24:00:00,6.307712
04/09  01:00:00,5.889071
04/09  02:00:00,5.786202
04/09  03:00:00,5.678639
04/09  04:00:00,6.364957
04/09  05:00:00,8.056050
04/09  06:00:00,8.790542
04/09  07:00:00,9.014532
04/09  08:00:00,7.367532
04/09  09:00:00,6.596973
04/09  10:00:00,6.596862
04/09  11:00:00,6.927323
04/09  12:00:00,8.749946
04/09  13:00:00,15.272437
04/09  14:00:00,21.450087
04/09  15:00:00,25.334799
04/09  16:00:00,33.265966
04/09  17:00:00,39.128877
04/09  18:00:00,35.964544
04/09  19:00:00,27.918110
04/09  20:00:00,23.560753
04/09  21:00:00,18.053514
04/09  22:00:00,12.256215
04/09  23:00:00,8.590917
04/09  24:00:00,6.376167
04/10  01:00:00,5.889071
04/10  02:00:00,5.786202
04/10  03:00:00,5.671449
04/10  04:00:00,6.180349
04/10  05:00:00,7.711675
04/10  06:00:00,8.735257
04/10  07:00:00,9.008041
04/10  08:00:00,7.367532
04/10  09:00:00,6.596973
04/10  10:00:00,6.589384
04/10  11:00:00,6.666741
04/10  12:00:00,7.954607
04/10  13:00:00,13.626197
04/10  14:00:00,19.354398
04/10  15:00:00,21.953818
04/10  16:00:00,26.866555
04/10  17:00:00,31.576269
04/10  18:00:00,29.780103
04/10  19:00:00,24.241390
04/10  20:00:00,20.969510
04/10  21:00:00,16.721601
04/10  22:00:00,11.962365
04/10  23:00:00,8.358928
04/10  24:00:00,6.327927
04/11  01:00:00,5.898215
04/11  02:00:00,5.791816
04/11  03:00:00,5.675581
04/11  04:00:00,6.187401
04/11  05:00:00,7.724081
04/11  06:00:00,8.761824
04/11  07:00:00,9.204968
04/11  08:00:00,8.149604
04/11  09:00:00,7.301120
04/11  10:00:00,7.867764
04/11  11:00:00,10.115018
04/11  12:00:00,11.550548
04/11  13:00:00,13.489921
04/11  14:00:00,16.037621
04/11  15:00:00,17.253954
04/11  16:00:00,18.276137
04/11  17:00:00,21.040483
04/11  18:00:00,21.068694
04/11  19:00:00,17.668417
04/11  20:00:00,16.096985
04/11  21:00:00,13.537161
04/11  22:00:00,10.116078
04/11  23:00:00,7.877341
04/11  24:00:00,6.322674
04/12  01:00:00,5.898215
04/12  02:00:00,5.945019
04/12  03:00:00,5.983313
04/12  04:00:00,6.766309
04/12  05:00:00,8.849244
04/12  06:00:00,10.028172
04/12  07:00:00,9.083848
04/12  08:00:00,7.554119
04/12  09:00:00,6.701498
04/12  10:00:00,6.698027
04/12  11:00:00,6.767076
04/12  12:00:00,7.397137
04/12  13:00:00,8.722501
04/12  14:00:00,10.081393
04/12  15:00:00,11.599350
04/12  16:00:00,14.340578
04/12  17:00:00,17.006559
04/12  18:00:00,17.632766
04/12  19:00:00,16.028151
04/12  20:00:00,15.110156
04/12  21:00:00,13.243112
04/12  22:00:00,10.115430
04/12  23:00:00,7.877341
04/12  24:00:00,6.307712
04/13  01:00:00,6.135393
04/13  02:00:00,6.448413
04/13  03:00:00,7.446124
04/13  04:00:00,8.927454
04/13  05:00:00,11.442109
04/13  06:00:00,11.078675
04/13  07:00:00,10.072224
04/13  08:00:00,7.383188
04/13  09:00:00,6.605113
04/13  10:00:00,6.605181
04/13  11:00:00,6.864330
04/13  12:00:00,8.545545
04/13  13:00:00,11.978100
04/13  14:00:00,16.394752
04/13  15:00:00,19.699848
04/13  16:00:00,22.809965
04/13  17:00:00,24.257956
04/13  18:00:00,23.164980
04/13  19:00:00,20.038249
04/13  20:00:00,18.780765
04/13  21:00:00,15.652971
04/13  22:00:00,10.649102
04/13  23:00:00,7.846680
04/13  24:00:00,6.307712
04/14  01:00:00,5.889071
04/14  02:00:00,5.823461
04/14  03:00:00,5.868738
04/14  04:00:00,6.551318
04/14  05:00:00,9.115488
04/14  06:00:00,9.249998
04/14  07:00:00,9.135437
04/14  08:00:00,8.056346
04/14  09:00:00,7.207894
04/14  10:00:00,7.466913
04/14  11:00:00,10.514233
04/14  12:00:00,14.819705
04/14  13:00:00,18.506790
04/14  14:00:00,21.031739
04/14  15:00:00,22.220818
04/14  16:00:00,25.982950
04/14  17:00:00,28.795011
04/14  18:00:00,28.523734
04/14  19:00:00,22.882238
04/14  20:00:00,19.656622
04/14  21:00:00,16.458790
04/14  22:00:00,11.504225
04/14  23:00:00,7.906290
04/14  24:00:00,6.307712
04/15  01:00:00,5.889071
04/15  02:00:00,5.786202
04/15  03:00:00,5.730766
04/15  04:00:00,6.501267
04/15  05:00:00,8.363798
04/15  06:00:00,8.956029
04/15  07:00:00,9.074866
04/15  08:00:00,7.367532
04/15  09:00:00,6.596973
04/15  10:00:00,6.609996
04/15  11:00:00,7.145161
04/15  12:00:00,8.933946
04/15  13:00:00,11.029765
04/15  14:00:00,12.697995
04/15  15:00:00,12.410275
04/15  16:00:00,13.288690
04/15  17:00:00,15.936918
04/15  18:00:00,18.262616
04/15  19:00:00,16.896266
04/15  20:00:00,15.194977
04/15  21:00:00,13.151523
04/15  22:00:00,10.109654
04/15  23:00:00,7.846680
04/15  24:00:00,6.307712
04/16  01:00:00,5.889071
04/16  02:00:00,5.918418
04/16  03:00:00,6.016237
04/16  04:00:00,7.141394
04/16  05:00:00,9.276018
04/16  06:00:00,9.207035
04/16  07:00:00,9.098872
04/16  08:00:00,7.367532
04/16  09:00:00,6.596973
04/16  10:00:00,6.589185
04/16  11:00:00,6.531042
04/16  12:00:00,6.491229
04/16  13:00:00,6.697834
04/16  14:00:00,6.949895
04/16  15:00:00,7.795221
04/16  16:00:00,11.237502
04/16  17:00:00,14.693478
04/16  18:00:00,16.533630
04/16  19:00:00,14.809492
04/16  20:00:00,14.302068
04/16  21:00:00,12.815887
04/16  22:00:00,10.061348
04/16  23:00:00,8.156359
04/16  24:00:00,6.533830
04/17  01:00:00,6.515862
04/17  02:00:00,7.307467
04/17  03:00:00,8.295558
04/17  04:00:00,10.763878
04/17  05:00:00,13.563048
04/17  06:00:00,14.197351
04/17  07:00:00,13.710620
04/17  08:00:00,8.037239
04/17  09:00:00,6.596973
04/17  10:00:00,6.589185
04/17  11:00:00,6.531042
04/17  12:00:00,6.491229
04/17  13:00:00,6.606977
04/17  14:00:00,6.740824
04/17  15:00:00,8.230529
04/17  16:00:00,13.492363
04/17  17:00:00,18.318349
04/17  18:00:00,19.731925
04/17  19:00:00,17.230692
04/17  20:00:00,16.187823
04/17  21:00:00,13.936346
04/17  22:00:00,10.093731
04/17  23:00:00,7.846680
04/17  24:00:00,6.322674
04/18  01:00:00,6.041624
04/18  02:00:00,6.223649
04/18  03:00:00,6.668391
04/18  04:00:00,8.094968
04/18  05:00:00,11.126024
04/18  06:00:00,11.170231
04/18  07:00:00,9.486197
04/18  08:00:00,7.452587
04/18  09:00:00,6.697233
04/18  10:00:00,6.689754
04/18  11:00:00,6.624856
04/18  12:00:00,6.575363
04/18  13:00:00,6.685880
04/18  14:00:00,6.863895
04/18  15:00:00,8.437467
04/18  16:00:00,14.666421
04/18  17:00:00,19.919206
04/18  18:00:00,20.137998
04/18  19:00:00,17.494990
04/18  20:00:00,15.366849
04/18  21:00:00,13.362088
04/18  22:00:00,10.122008
04/18  23:00:00,7.877341
04/18  24:00:00,6.342338
04/19  01:00:00,6.160783
04/19  02:00:00,6.322174
04/19  03:00:00,6.852422
04/19  04:00:00,7.947003
04/19  05:00:00,10.571146
04/19  06:00:00,10.798933
04/19  07:00:00,9.418636
04/19  08:00:00,7.917564
04/19  09:00:00,7.874459
04/19  10:00:00,6.834908
04/19  11:00:00,6.624856
04/19  12:00:00,6.575363
04/19  13:00:00,6.685880
04/19  14:00:00,6.782019
04/19  15:00:00,7.446404
04/19  16:00:00,9.801074
04/19  17:00:00,14.498786
04/19  18:00:00,16.688481
04/19  19:00:00,15.037535
04/19  20:00:00,14.413433
04/19  21:00:00,12.889167
04/19  22:00:00,10.113808
04/19  23:00:00,8.069198
04/19  24:00:00,6.650351
04/20  01:00:00,6.654452
04/20  02:00:00,7.205241
04/20  03:00:00,7.719142
04/20  04:00:00,8.618635
04/20  05:00:00,14.545618
04/20  06:00:00,12.812513
04/20  07:00:00,11.317356
04/20  08:00:00,7.503754
04/20  09:00:00,6.596973
04/20  10:00:00,6.589185
04/20  11:00:00,6.531042
04/20  12:00:00,6.491229
04/20  13:00:00,6.606977
04/20  14:00:00,6.905514
04/20  15:00:00,8.846832
04/20  16:00:00,15.031734
04/20  17:00:00,20.421060
04/20  18:00:00,21.039593
04/20  19:00:00,17.728658
04/20  20:00:00,16.007665
04/20  21:00:00,13.943163
04/20  22:00:00,10.290896
04/20  23:00:00,7.846680
04/20  24:00:00,6.307712
04/21  01:00:00,5.889071
04/21  02:00:00,5.835363
04/21  03:00:00,5.897011
04/21  04:00:00,6.506933
04/21  05:00:00,8.567377
04/21  06:00:00,8.875609
04/21  07:00:00,9.014357
04/21  08:00:00,7.367532
04/21  09:00:00,6.596973
04/21  10:00:00,6.589185
04/21  11:00:00,6.588116
04/21  12:00:00,7.206571
04/21  13:00:00,10.803916
04/21  14:00:00,16.511600
04/21  15:00:00,21.253629
04/21  16:00:00,24.936206
04/21  17:00:00,27.398487
04/21  18:00:00,26.329126
04/21  19:00:00,21.426561
04/21  20:00:00,18.365536
04/21  21:00:00,15.551014
04/21  22:00:00,10.818395
04/21  23:00:00,7.883754
04/21  24:00:00,6.307712
04/22  01:00:00,5.889071
04/22  02:00:00,5.786202
04/22  03:00:00,5.671449
04/22  04:00:00,6.180349
04/22  05:00:00,7.711675
04/22  06:00:00,8.735257
04/22  07:00:00,9.008041
04/22  08:00:00,7.369568
04/22  09:00:00,6.596973
04/22  10:00:00,6.589185
04/22  11:00:00,6.567943
04/22  12:00:00,6.916558
04/22  13:00:00,9.835941
04/22  14:00:00,14.349127
04/22  15:00:00,18.283307
04/22  16:00:00,24.386649
04/22  17:00:00,29.880523
04/22  18:00:00,29.002765
04/22  19:00:00,21.606192
04/22  20:00:00,17.804655
04/22  21:00:00,13.839580
04/22  22:00:00,10.229801
04/22  23:00:00,7.854701
04/22  24:00:00,6.307712
04/23  01:00:00,5.889071
04/23  02:00:00,5.786202
04/23  03:00:00,5.671449
04/23  04:00:00,6.180349
04/23  05:00:00,7.713290
04/23  06:00:00,8.735257
04/23  07:00:00,9.008041
04/23  08:00:00,7.367532
04/23  09:00:00,6.596973
04/23  10:00:00,6.589185
04/23  11:00:00,6.531042
04/23  12:00:00,6.491229
04/23  13:00:00,6.621618
04/23  14:00:00,7.569830
04/23  15:00:00,11.546341
04/23  16:00:00,17.764271
04/23  17:00:00,22.938613
04/23  18:00:00,23.039312
04/23  19:00:00,18.941152
04/23  20:00:00,17.059247
04/23  21:00:00,14.785070
04/23  22:00:00,10.419841
04/23  23:00:00,7.846680
04/23  24:00:00,6.307712
04/24  01:00:00,5.889071
04/24  02:00:00,5.786202
04/24  03:00:00,5.739793
04/24  04:00:00,6.371846
04/24  05:00:00,8.753006
04/24  06:00:00,9.414120
04/24  07:00:00,9.335664
04/24  08:00:00,7.367532
04/24  09:00:00,6.596973
04/24  10:00:00,6.589185
04/24  11:00:00,6.531042
04/24  12:00:00,6.491229
04/24  13:00:00,6.606977
04/24  14:00:00,6.713226
04/24  15:00:00,7.845647
04/24  16:00:00,14.082574
04/24  17:00:00,20.218005
04/24  18:00:00,21.694916
04/24  19:00:00,18.668473
04/24  20:00:00,15.890362
04/24  21:00:00,12.870230
04/24  22:00:00,10.061348
04/24  23:00:00,7.846680
04/24  24:00:00,6.322674
04/25  01:00:00,5.898215
04/25  02:00:00,5.820620
04/25  03:00:00,5.738141
04/25  04:00:00,6.285677
04/25  05:00:00,7.974665
04/25  06:00:00,8.890658
04/25  07:00:00,9.059573
04/25  08:00:00,7.449449
04/25  09:00:00,6.697233
04/25  10:00:00,6.689754
04/25  11:00:00,6.624856
04/25  12:00:00,6.575363
04/25  13:00:00,6.787567
04/25  14:00:00,9.092787
04/25  15:00:00,13.967963
04/25  16:00:00,19.904719
04/25  17:00:00,24.410560
04/25  18:00:00,23.734438
04/25  19:00:00,19.924215
04/25  20:00:00,17.152876
04/25  21:00:00,13.796250
04/25  22:00:00,10.138759
04/25  23:00:00,7.877341
04/25  24:00:00,6.322674
04/26  01:00:00,5.898215
04/26  02:00:00,5.791816
04/26  03:00:00,5.675581
04/26  04:00:00,6.237102
04/26  05:00:00,7.790506
04/26  06:00:00,8.803992
04/26  07:00:00,9.059573
04/26  08:00:00,7.449449
04/26  09:00:00,6.697233
04/26  10:00:00,6.689754
04/26  11:00:00,6.624856
04/26  12:00:00,6.575363
04/26  13:00:00,6.685880
04/26  14:00:00,6.788139
04/26  15:00:00,8.266254
04/26  16:00:00,14.928823
04/26  17:00:00,21.206176
04/26  18:00:00,21.333105
04/26  19:00:00,17.444503
04/26  20:00:00,15.079991
04/26  21:00:00,13.355420
04/26  22:00:00,10.135106
04/26  23:00:00,7.877341
04/26  24:00:00,6.307712
04/27  01:00:00,5.889071
04/27  02:00:00,5.786202
04/27  03:00:00,5.686349
04/27  04:00:00,6.237774
04/27  05:00:00,8.155694
04/27  06:00:00,8.856952
04/27  07:00:00,9.051332
04/27  08:00:00,7.493514
04/27  09:00:00,6.596973
04/27  10:00:00,6.589185
04/27  11:00:00,6.531042
04/27  12:00:00,6.491229
04/27  13:00:00,6.606977
04/27  14:00:00,6.713226
04/27  15:00:00,7.381667
04/27  16:00:00,11.129943
04/27  17:00:00,17.032618
04/27  18:00:00,19.302761
04/27  19:00:00,16.595658
04/27  20:00:00,15.126014
04/27  21:00:00,13.582762
04/27  22:00:00,10.157080
04/27  23:00:00,7.846680
04/27  24:00:00,6.307712
04/28  01:00:00,5.889071
04/28  02:00:00,5.786202
04/28  03:00:00,5.793304
04/28  04:00:00,6.489559
04/28  05:00:00,9.796306
04/28  06:00:00,8.926187
04/28  07:00:00,9.008041
04/28  08:00:00,7.367532
04/28  09:00:00,6.596973
04/28  10:00:00,6.589185
04/28  11:00:00,6.531042
04/28  12:00:00,6.491229
04/28  13:00:00,6.610373
04/28  14:00:00,6.942081
04/28  15:00:00,9.225924
04/28  16:00:00,15.818440
04/28  17:00:00,20.470804
04/28  18:00:00,20.701357
04/28  19:00:00,17.984699
04/28  20:00:00,16.227828
04/28  21:00:00,13.564123
04/28  22:00:00,10.070533
04/28  23:00:00,7.846680
04/28  24:00:00,6.307712
04/29  01:00:00,5.889071
04/29  02:00:00,5.786202
04/29  03:00:00,5.671449
04/29  04:00:00,6.180349
04/29  05:00:00,7.711675
04/29  06:00:00,8.735257
04/29  07:00:00,9.008041
04/29  08:00:00,7.367532
04/29  09:00:00,6.596973
04/29  10:00:00,6.589185
04/29  11:00:00,6.531042
04/29  12:00:00,6.491229
04/29  13:00:00,6.606977
04/29  14:00:00,6.713226
04/29  15:00:00,7.498114
04/29  16:00:00,11.789049
04/29  17:00:00,17.644982
04/29  18:00:00,19.439488
04/29  19:00:00,17.107133
04/29  20:00:00,15.480497
04/29  21:00:00,12.922776
04/29  22:00:00,10.061348
04/29  23:00:00,7.846680
04/29  24:00:00,6.307712
04/30  01:00:00,5.889071
04/30  02:00:00,5.786202
04/30  03:00:00,5.671449
04/30  04:00:00,6.184886
04/30  05:00:00,7.863168
04/30  06:00:00,8.735257
04/30  07:00:00,9.008041
04/30  08:00:00,7.367532
04/30  09:00:00,6.596973
04/30  10:00:00,6.589185
04/30  11:00:00,6.531042
04/30  12:00:00,6.491229
04/30  13:00:00,6.606977
04/30  14:00:00,6.713226
04/30  15:00:00,7.381667
04/30  16:00:00,9.471617
04/30  17:00:00,11.791312
04/30  18:00:00,13.567105
04/30  19:00:00,14.238864
04/30  20:00:00,14.302068
04/30  21:00:00,12.815887
04/30  22:00:00,10.061348
04/30  23:00:00,7.846680
04/30  24:00:00,6.307712
05/01  01:00:00,5.889071
05/01  02:00:00,5.786202
05/01  03:00:00,5.671449
05/01  04:00:00,6.260577
05/01  05:00:00,8.322819
05/01  06:00:00,8.758622
05/01  07:00:00,9.008041
05/01  08:00:00,7.367532
05/01  09:00:00,6.596973
05/01  10:00:00,6.589185
05/01  11:00:00,6.644825
05/01  12:00:00,7.262053
05/01  13:00:00,10.971329
05/01  14:00:00,15.982704
05/01  15:00:00,20.205197
05/01  16:00:00,25.540207
05/01  17:00:00,29.766157
05/01  18:00:00,29.286818
05/01  19:00:00,23.252705
05/01  20:00:00,18.518307
05/01  21:00:00,15.250312
05/01  22:00:00,10.904073
05/01  23:00:00,8.098414
05/01  24:00:00,6.323336
05/02  01:00:00,5.898215
05/02  02:00:00,5.791816
05/02  03:00:00,5.675581
05/02  04:00:00,6.187401
05/02  05:00:00,7.724081
05/02  06:00:00,8.761824
05/02  07:00:00,9.059573
05/02  08:00:00,7.488229
05/02  09:00:00,6.706024
05/02  10:00:00,6.847917
05/02  11:00:00,7.422860
05/02  12:00:00,8.954465
05/02  13:00:00,13.541071
05/02  14:00:00,17.533986
05/02  15:00:00,21.226869
05/02  16:00:00,26.334744
05/02  17:00:00,30.908180
05/02  18:00:00,27.739111
05/02  19:00:00,21.967931
05/02  20:00:00,18.821170
05/02  21:00:00,15.474290
05/02  22:00:00,10.972835
05/02  23:00:00,8.158568
05/02  24:00:00,6.322674
05/03  01:00:00,5.898215
05/03  02:00:00,5.791816
05/03  03:00:00,5.675581
05/03  04:00:00,6.187401
05/03  05:00:00,7.724081
05/03  06:00:00,8.761824
05/03  07:00:00,9.059573
05/03  08:00:00,7.515272
05/03  09:00:00,6.706841
05/03  10:00:00,6.792784
05/03  11:00:00,7.300884
05/03  12:00:00,8.956767
05/03  13:00:00,14.001637
05/03  14:00:00,18.920347
05/03  15:00:00,22.913877
05/03  16:00:00,27.308363
05/03  17:00:00,32.312778
05/03  18:00:00,29.976911
05/03  19:00:00,24.233254
05/03  20:00:00,19.844658
05/03  21:00:00,16.042951
05/03  22:00:00,11.064078
05/03  23:00:00,8.244888
05/03  24:00:00,6.310331
05/04  01:00:00,5.889071
05/04  02:00:00,5.786202
05/04  03:00:00,5.671449
05/04  04:00:00,6.180349
05/04  05:00:00,7.711675
05/04  06:00:00,8.743789
05/04  07:00:00,9.008041
05/04  08:00:00,7.490654
05/04  09:00:00,6.632184
05/04  10:00:00,6.746888
05/04  11:00:00,7.094046
05/04  12:00:00,8.262060
05/04  13:00:00,13.103409
05/04  14:00:00,17.563139
05/04  15:00:00,21.531081
05/04  16:00:00,25.661369
05/04  17:00:00,29.125916
05/04  18:00:00,26.932034
05/04  19:00:00,21.377702
05/04  20:00:00,18.339182
05/04  21:00:00,15.694854
05/04  22:00:00,10.918371
05/04  23:00:00,7.898341
05/04  24:00:00,6.307712
05/05  01:00:00,5.889071
05/05  02:00:00,5.786202
05/05  03:00:00,5.671449
05/05  04:00:00,6.180349
05/05  05:00:00,7.711675
05/05  06:00:00,8.735257
05/05  07:00:00,9.008041
05/05  08:00:00,7.367532
05/05  09:00:00,6.596973
05/05  10:00:00,6.589185
05/05  11:00:00,6.531042
05/05  12:00:00,6.491229
05/05  13:00:00,6.606977
05/05  14:00:00,6.713226
05/05  15:00:00,7.919449
05/05  16:00:00,12.845854
05/05  17:00:00,17.753624
05/05  18:00:00,19.165514
05/05  19:00:00,16.561838
05/05  20:00:00,15.369902
05/05  21:00:00,13.867874
05/05  22:00:00,10.141174
05/05  23:00:00,7.846680
05/05  24:00:00,6.307712
05/06  01:00:00,5.889071
05/06  02:00:00,5.786202
05/06  03:00:00,5.671449
05/06  04:00:00,6.180349
05/06  05:00:00,7.711675
05/06  06:00:00,8.735257
05/06  07:00:00,9.008041
05/06  08:00:00,7.367532
05/06  09:00:00,6.596973
05/06  10:00:00,6.589185
05/06  11:00:00,6.531042
05/06  12:00:00,6.491229
05/06  13:00:00,6.606977
05/06  14:00:00,6.713226
05/06  15:00:00,7.381667
05/06  16:00:00,9.471617
05/06  17:00:00,11.651652
05/06  18:00:00,13.510554
05/06  19:00:00,14.238864
05/06  20:00:00,14.302068
05/06  21:00:00,12.815887
05/06  22:00:00,10.337275
05/06  23:00:00,8.628714
05/06  24:00:00,8.429526
05/07  01:00:00,9.494753
05/07  02:00:00,10.378983
05/07  03:00:00,10.842639
05/07  04:00:00,12.078237
05/07  05:00:00,21.071295
05/07  06:00:00,18.150333
05/07  07:00:00,17.116537
05/07  08:00:00,11.738314
05/07  09:00:00,8.803511
05/07  10:00:00,6.924279
05/07  11:00:00,6.531042
05/07  12:00:00,6.491229
05/07  13:00:00,6.606977
05/07  14:00:00,6.713226
05/07  15:00:00,7.381667
05/07  16:00:00,9.471617
05/07  17:00:00,11.651652
05/07  18:00:00,13.510554
05/07  19:00:00,14.238864
05/07  20:00:00,14.302068
05/07  21:00:00,12.815887
05/07  22:00:00,10.061348
05/07  23:00:00,8.272838
05/07  24:00:00,9.893891
05/08  01:00:00,11.303913
05/08  02:00:00,11.046723
05/08  03:00:00,13.034289
05/08  04:00:00,14.223723
05/08  05:00:00,17.341862
05/08  06:00:00,14.010750
05/08  07:00:00,11.545120
05/08  08:00:00,7.533225
05/08  09:00:00,6.596973
05/08  10:00:00,6.589185
05/08  11:00:00,6.531042
05/08  12:00:00,6.491229
05/08  13:00:00,6.606977
05/08  14:00:00,6.912366
05/08  15:00:00,9.258756
05/08  16:00:00,14.988321
05/08  17:00:00,20.114460
05/08  18:00:00,21.270573
05/08  19:00:00,18.732977
05/08  20:00:00,16.344412
05/08  21:00:00,14.144505
05/08  22:00:00,10.540744
05/08  23:00:00,7.846680
05/08  24:00:00,6.322674
05/09  01:00:00,5.898215
05/09  02:00:00,5.791816
05/09  03:00:00,5.675581
05/09  04:00:00,6.187401
05/09  05:00:00,7.740670
05/09  06:00:00,8.788740
05/09  07:00:00,9.059573
05/09  08:00:00,7.449449
05/09  09:00:00,6.697233
05/09  10:00:00,6.689754
05/09  11:00:00,6.624856
05/09  12:00:00,6.575363
05/09  13:00:00,6.685880
05/09  14:00:00,6.782019
05/09  15:00:00,7.446404
05/09  16:00:00,9.537112
05/09  17:00:00,11.719860
05/09  18:00:00,13.695949
05/09  19:00:00,14.336393
05/09  20:00:00,14.384023
05/09  21:00:00,12.889167
05/09  22:00:00,10.113808
05/09  23:00:00,7.877341
05/09  24:00:00,6.322674
05/10  01:00:00,5.898215
05/10  02:00:00,5.791816
05/10  03:00:00,5.675581
05/10  04:00:00,6.187401
05/10  05:00:00,7.724081
05/10  06:00:00,8.768737
05/10  07:00:00,9.059573
05/10  08:00:00,7.449449
05/10  09:00:00,6.697233
05/10  10:00:00,6.689754
05/10  11:00:00,6.624856
05/10  12:00:00,6.575363
05/10  13:00:00,6.685880
05/10  14:00:00,6.782019
05/10  15:00:00,7.446404
05/10  16:00:00,9.537112
05/10  17:00:00,12.153180
05/10  18:00:00,15.371063
05/10  19:00:00,14.913362
05/10  20:00:00,14.384609
05/10  21:00:00,12.889167
05/10  22:00:00,10.113808
05/10  23:00:00,7.877341
05/10  24:00:00,6.307712
05/11  01:00:00,5.889071
05/11  02:00:00,5.786202
05/11  03:00:00,5.671449
05/11  04:00:00,6.180349
05/11  05:00:00,7.738616
05/11  06:00:00,8.735257
05/11  07:00:00,9.008041
05/11  08:00:00,7.367532
05/11  09:00:00,6.596973
05/11  10:00:00,6.589185
05/11  11:00:00,6.531042
05/11  12:00:00,6.494340
05/11  13:00:00,7.159270
05/11  14:00:00,10.429089
05/11  15:00:00,14.768034
05/11  16:00:00,18.904675
05/11  17:00:00,23.613292
05/11  18:00:00,24.593810
05/11  19:00:00,20.743246
05/11  20:00:00,16.989135
05/11  21:00:00,13.969275
05/11  22:00:00,10.154801
05/11  23:00:00,7.846680
05/11  24:00:00,6.307712
05/12  01:00:00,5.889071
05/12  02:00:00,5.786202
05/12  03:00:00,5.671449
05/12  04:00:00,6.180349
05/12  05:00:00,7.725770
05/12  06:00:00,8.735257
05/12  07:00:00,9.008041
05/12  08:00:00,7.367532
05/12  09:00:00,6.596973
05/12  10:00:00,6.589185
05/12  11:00:00,6.531042
05/12  12:00:00,6.491229
05/12  13:00:00,6.606977
05/12  14:00:00,6.713226
05/12  15:00:00,7.872733
05/12  16:00:00,13.462071
05/12  17:00:00,18.962226
05/12  18:00:00,20.348625
05/12  19:00:00,17.717824
05/12  20:00:00,15.281922
05/12  21:00:00,13.212483
05/12  22:00:00,10.066931
05/12  23:00:00,7.846680
05/12  24:00:00,6.307712
05/13  01:00:00,5.889071
05/13  02:00:00,5.786202
05/13  03:00:00,5.671449
05/13  04:00:00,6.180349
05/13  05:00:00,7.711675
05/13  06:00:00,8.757042
05/13  07:00:00,9.008041
05/13  08:00:00,7.402340
05/13  09:00:00,6.596973
05/13  10:00:00,6.589185
05/13  11:00:00,6.534990
05/13  12:00:00,6.538725
05/13  13:00:00,7.076574
05/13  14:00:00,9.056365
05/13  15:00:00,13.339950
05/13  16:00:00,18.434726
05/13  17:00:00,22.532466
05/13  18:00:00,23.622930
05/13  19:00:00,20.751891
05/13  20:00:00,17.767801
05/13  21:00:00,14.377988
05/13  22:00:00,10.148837
05/13  23:00:00,7.846680
05/13  24:00:00,6.307712
05/14  01:00:00,5.889071
05/14  02:00:00,5.786202
05/14  03:00:00,5.671449
05/14  04:00:00,6.180349
05/14  05:00:00,7.763623
05/14  06:00:00,8.735257
05/14  07:00:00,9.008041
05/14  08:00:00,7.367532
05/14  09:00:00,6.596973
05/14  10:00:00,6.589185
05/14  11:00:00,6.531042
05/14  12:00:00,6.491229
05/14  13:00:00,6.606977
05/14  14:00:00,6.713226
05/14  15:00:00,7.381667
05/14  16:00:00,10.624490
05/14  17:00:00,16.215754
05/14  18:00:00,18.945239
05/14  19:00:00,17.263273
05/14  20:00:00,15.095783
05/14  21:00:00,12.867923
05/14  22:00:00,10.061348
05/14  23:00:00,7.846680
05/14  24:00:00,6.307712
05/15  01:00:00,5.889071
05/15  02:00:00,5.786202
05/15  03:00:00,5.671449
05/15  04:00:00,6.200548
05/15  05:00:00,8.554390
05/15  06:00:00,8.758689
05/15  07:00:00,9.008041
05/15  08:00:00,7.367532
05/15  09:00:00,6.596973
05/15  10:00:00,6.589185
05/15  11:00:00,6.531042
05/15  12:00:00,6.491229
05/15  13:00:00,6.606977
05/15  14:00:00,6.713226
05/15  15:00:00,7.381667
05/15  16:00:00,9.471617
05/15  17:00:00,11.683841
05/15  18:00:00,13.681900
05/15  19:00:00,14.238864
05/15  20:00:00,14.302068
05/15  21:00:00,12.815887
05/15  22:00:00,10.061348
05/15  23:00:00,7.846680
05/15  24:00:00,6.322674
05/16  01:00:00,6.015725
05/16  02:00:00,6.146135
05/16  03:00:00,6.956968
05/16  04:00:00,7.985726
05/16  05:00:00,9.826504
05/16  06:00:00,10.243776
05/16  07:00:00,9.091960
05/16  08:00:00,7.449449
05/16  09:00:00,6.697233
05/16  10:00:00,6.689754
05/16  11:00:00,6.624856
05/16  12:00:00,6.575363
05/16  13:00:00,6.685880
05/16  14:00:00,6.782019
05/16  15:00:00,7.446404
05/16  16:00:00,10.110946
05/16  17:00:00,14.898281
05/16  18:00:00,17.089008
05/16  19:00:00,15.655870
05/16  20:00:00,14.523232
05/16  21:00:00,12.902557
05/16  22:00:00,10.113808
05/16  23:00:00,7.877341
05/16  24:00:00,6.322674
05/17  01:00:00,5.898215
05/17  02:00:00,5.861820
05/17  03:00:00,5.825031
05/17  04:00:00,6.369485
05/17  05:00:00,9.148753
05/17  06:00:00,10.036043
05/17  07:00:00,9.149541
05/17  08:00:00,7.449449
05/17  09:00:00,6.697233
05/17  10:00:00,6.689754
05/17  11:00:00,6.624856
05/17  12:00:00,6.575363
05/17  13:00:00,6.685880
05/17  14:00:00,6.782019
05/17  15:00:00,7.446404
05/17  16:00:00,9.537112
05/17  17:00:00,12.094968
05/17  18:00:00,15.818258
05/17  19:00:00,15.312250
05/17  20:00:00,14.433668
05/17  21:00:00,12.910300
05/17  22:00:00,10.113808
05/17  23:00:00,7.877341
05/17  24:00:00,6.307712
05/18  01:00:00,5.889071
05/18  02:00:00,5.828248
05/18  03:00:00,5.809060
05/18  04:00:00,6.364654
05/18  05:00:00,8.922956
05/18  06:00:00,9.290849
05/18  07:00:00,9.072539
05/18  08:00:00,7.367532
05/18  09:00:00,6.596973
05/18  10:00:00,6.589185
05/18  11:00:00,6.531042
05/18  12:00:00,6.491229
05/18  13:00:00,6.850994
05/18  14:00:00,9.232080
05/18  15:00:00,13.002021
05/18  16:00:00,18.092294
05/18  17:00:00,23.611807
05/18  18:00:00,25.240835
05/18  19:00:00,21.269185
05/18  20:00:00,17.980772
05/18  21:00:00,15.346176
05/18  22:00:00,11.260563
05/18  23:00:00,7.963621
05/18  24:00:00,6.307712
05/19  01:00:00,5.889071
05/19  02:00:00,5.786202
05/19  03:00:00,5.671449
05/19  04:00:00,6.180349
05/19  05:00:00,7.711675
05/19  06:00:00,8.789877
05/19  07:00:00,9.010223
05/19  08:00:00,7.430213
05/19  09:00:00,6.596973
05/19  10:00:00,6.668701
05/19  11:00:00,7.309626
05/19  12:00:00,9.562854
05/19  13:00:00,15.656579
05/19  14:00:00,21.047665
05/19  15:00:00,23.708725
05/19  16:00:00,27.333325
05/19  17:00:00,30.878744
05/19  18:00:00,30.362327
05/19  19:00:00,25.888656
05/19  20:00:00,22.021576
05/19  21:00:00,18.115801
05/19  22:00:00,12.873304
05/19  23:00:00,8.802709
05/19  24:00:00,6.416030
05/20  01:00:00,5.889071
05/20  02:00:00,5.786202
05/20  03:00:00,5.671449
05/20  04:00:00,6.180349
05/20  05:00:00,7.711675
05/20  06:00:00,8.921596
05/20  07:00:00,9.149920
05/20  08:00:00,8.100195
05/20  09:00:00,7.066930
05/20  10:00:00,7.577782
05/20  11:00:00,11.266842
05/20  12:00:00,16.185367
05/20  13:00:00,24.581100
05/20  14:00:00,28.801488
05/20  15:00:00,32.098935
05/20  16:00:00,35.757780
05/20  17:00:00,38.369379
05/20  18:00:00,37.856919
05/20  19:00:00,31.554926
05/20  20:00:00,25.634411
05/20  21:00:00,20.782786
05/20  22:00:00,14.555772
05/20  23:00:00,10.110663
05/20  24:00:00,7.303002
05/21  01:00:00,6.020609
05/21  02:00:00,5.786202
05/21  03:00:00,5.671449
05/21  04:00:00,6.180349
05/21  05:00:00,7.711675
05/21  06:00:00,9.322928
05/21  07:00:00,9.248484
05/21  08:00:00,7.992733
05/21  09:00:00,6.906324
05/21  10:00:00,7.138573
05/21  11:00:00,8.762806
05/21  12:00:00,11.946478
05/21  13:00:00,16.959891
05/21  14:00:00,20.998774
05/21  15:00:00,24.074883
05/21  16:00:00,29.471292
05/21  17:00:00,35.091027
05/21  18:00:00,35.379491
05/21  19:00:00,28.799859
05/21  20:00:00,21.478563
05/21  21:00:00,17.790245
05/21  22:00:00,12.687240
05/21  23:00:00,8.672414
05/21  24:00:00,6.358793
05/22  01:00:00,5.889071
05/22  02:00:00,5.786202
05/22  03:00:00,5.671449
05/22  04:00:00,6.180349
05/22  05:00:00,7.711675
05/22  06:00:00,8.735257
05/22  07:00:00,9.008041
05/22  08:00:00,7.367532
05/22  09:00:00,6.596973
05/22  10:00:00,6.589185
05/22  11:00:00,6.561418
05/22  12:00:00,6.883220
05/22  13:00:00,11.250068
05/22  14:00:00,16.087612
05/22  15:00:00,19.848187
05/22  16:00:00,25.485780
05/22  17:00:00,31.150362
05/22  18:00:00,31.554569
05/22  19:00:00,26.310956
05/22  20:00:00,20.852690
05/22  21:00:00,17.298933
05/22  22:00:00,12.479030
05/22  23:00:00,8.339403
05/22  24:00:00,6.334287
05/23  01:00:00,5.898215
05/23  02:00:00,5.791816
05/23  03:00:00,5.675581
05/23  04:00:00,6.187401
05/23  05:00:00,7.724081
05/23  06:00:00,8.807138
05/23  07:00:00,9.062070
05/23  08:00:00,7.507069
05/23  09:00:00,6.697233
05/23  10:00:00,6.835324
05/23  11:00:00,6.895699
05/23  12:00:00,7.490826
05/23  13:00:00,11.949353
05/23  14:00:00,17.355323
05/23  15:00:00,23.027383
05/23  16:00:00,29.446827
05/23  17:00:00,32.565415
05/23  18:00:00,28.115391
05/23  19:00:00,24.586062
05/23  20:00:00,20.149285
05/23  21:00:00,16.331465
05/23  22:00:00,11.765909
05/23  23:00:00,8.228813
05/23  24:00:00,6.323876
05/24  01:00:00,5.898215
05/24  02:00:00,5.791816
05/24  03:00:00,5.675581
05/24  04:00:00,6.187401
05/24  05:00:00,7.724081
05/24  06:00:00,8.761824
05/24  07:00:00,9.059573
05/24  08:00:00,7.449449
05/24  09:00:00,6.697233
05/24  10:00:00,6.689754
05/24  11:00:00,6.624856
05/24  12:00:00,6.575363
05/24  13:00:00,6.732557
05/24  14:00:00,7.665433
05/24  15:00:00,10.918928
05/24  16:00:00,15.675175
05/24  17:00:00,20.835220
05/24  18:00:00,21.849487
05/24  19:00:00,19.473801
05/24  20:00:00,16.748388
05/24  21:00:00,14.650785
05/24  22:00:00,10.310310
05/24  23:00:00,7.877341
05/24  24:00:00,6.322674
05/25  01:00:00,5.898215
05/25  02:00:00,5.791816
05/25  03:00:00,5.675581
05/25  04:00:00,6.187401
05/25  05:00:00,7.724081
05/25  06:00:00,8.761824
05/25  07:00:00,9.059573
05/25  08:00:00,7.449449
05/25  09:00:00,6.697233
05/25  10:00:00,6.689754
05/25  11:00:00,6.624856
05/25  12:00:00,6.575363
05/25  13:00:00,6.685880
05/25  14:00:00,6.782019
05/25  15:00:00,7.446404
05/25  16:00:00,9.880976
05/25  17:00:00,14.372296
05/25  18:00:00,16.135578
05/25  19:00:00,16.139285
05/25  20:00:00,14.550459
05/25  21:00:00,12.975027
05/25  22:00:00,10.125066
05/25  23:00:00,7.877341
05/25  24:00:00,6.307712
05/26  01:00:00,5.889071
05/26  02:00:00,5.786202
05/26  03:00:00,5.671449
05/26  04:00:00,6.180349
05/26  05:00:00,7.711675
05/26  06:00:00,8.735257
05/26  07:00:00,9.008041
05/26  08:00:00,7.367532
05/26  09:00:00,6.596973
05/26  10:00:00,6.589185
05/26  11:00:00,6.531042
05/26  12:00:00,6.491229
05/26  13:00:00,6.606977
05/26  14:00:00,6.713226
05/26  15:00:00,7.381667
05/26  16:00:00,10.261864
05/26  17:00:00,14.222494
05/26  18:00:00,16.431199
05/26  19:00:00,16.117690
05/26  20:00:00,14.929135
05/26  21:00:00,12.900144
05/26  22:00:00,10.061348
05/26  23:00:00,7.846680
05/26  24:00:00,6.307712
05/27  01:00:00,5.889071
05/27  02:00:00,5.786202
05/27  03:00:00,5.671449
05/27  04:00:00,6.180349
05/27  05:00:00,7.711675
05/27  06:00:00,8.735257
05/27  07:00:00,9.008041
05/27  08:00:00,7.367532
05/27  09:00:00,6.596973
05/27  10:00:00,6.589185
05/27  11:00:00,6.531042
05/27  12:00:00,6.491229
05/27  13:00:00,6.606977
05/27  14:00:00,6.963957
05/27  15:00:00,8.925437
05/27  16:00:00,15.034970
05/27  17:00:00,21.220446
05/27  18:00:00,22.965346
05/27  19:00:00,20.568949
05/27  20:00:00,17.253659
05/27  21:00:00,14.910749
05/27  22:00:00,10.559564
05/27  23:00:00,7.851390
05/27  24:00:00,6.307712
05/28  01:00:00,5.889071
05/28  02:00:00,5.786202
05/28  03:00:00,5.671449
05/28  04:00:00,6.180349
05/28  05:00:00,7.711675
05/28  06:00:00,8.735257
05/28  07:00:00,9.008041
05/28  08:00:00,7.367532
05/28  09:00:00,6.596973
05/28  10:00:00,6.589185
05/28  11:00:00,6.560782
05/28  12:00:00,6.686777
05/28  13:00:00,8.581037
05/28  14:00:00,12.659796
05/28  15:00:00,17.828803
05/28  16:00:00,23.867043
05/28  17:00:00,28.435768
05/28  18:00:00,28.870280
05/28  19:00:00,23.672032
05/28  20:00:00,19.826358
05/28  21:00:00,17.024513
05/28  22:00:00,11.574824
05/28  23:00:00,8.057817
05/28  24:00:00,6.307712
05/29  01:00:00,5.889071
05/29  02:00:00,5.786202
05/29  03:00:00,5.671449
05/29  04:00:00,6.180349
05/29  05:00:00,7.711675
05/29  06:00:00,8.735257
05/29  07:00:00,9.008041
05/29  08:00:00,7.367532
05/29  09:00:00,6.596973
05/29  10:00:00,6.589185
05/29  11:00:00,6.531042
05/29  12:00:00,6.491229
05/29  13:00:00,6.606977
05/29  14:00:00,6.840270
05/29  15:00:00,8.411010
05/29  16:00:00,14.108048
05/29  17:00:00,20.156839
05/29  18:00:00,22.101721
05/29  19:00:00,19.462920
05/29  20:00:00,15.933443
05/29  21:00:00,13.025456
05/29  22:00:00,10.061348
05/29  23:00:00,7.846680
05/29  24:00:00,6.322674
05/30  01:00:00,5.898215
05/30  02:00:00,5.791816
05/30  03:00:00,5.675581
05/30  04:00:00,6.187401
05/30  05:00:00,7.724081
05/30  06:00:00,8.761824
05/30  07:00:00,9.059573
05/30  08:00:00,7.449449
05/30  09:00:00,6.697233
05/30  10:00:00,6.689754
05/30  11:00:00,6.624856
05/30  12:00:00,6.575363
05/30  13:00:00,6.685880
05/30  14:00:00,6.782019
05/30  15:00:00,8.543206
05/30  16:00:00,14.630263
05/30  17:00:00,18.934359
05/30  18:00:00,19.127593
05/30  19:00:00,17.945305
05/30  20:00:00,15.530572
05/30  21:00:00,13.162101
05/30  22:00:00,10.114989
05/30  23:00:00,7.877341
05/30  24:00:00,6.322674
05/31  01:00:00,5.898215
05/31  02:00:00,5.791816
05/31  03:00:00,5.675581
05/31  04:00:00,6.187401
05/31  05:00:00,7.724081
05/31  06:00:00,8.761824
05/31  07:00:00,9.059573
05/31  08:00:00,7.449449
05/31  09:00:00,6.697233
05/31  10:00:00,6.689754
05/31  11:00:00,6.624856
05/31  12:00:00,6.575363
05/31  13:00:00,6.685880
05/31  14:00:00,6.782019
05/31  15:00:00,7.446404
05/31  16:00:00,9.762029
05/31  17:00:00,14.272288
05/31  18:00:00,16.577151
05/31  19:00:00,16.326660
05/31  20:00:00,14.941804
05/31  21:00:00,12.942841
05/31  22:00:00,10.113808
05/31  23:00:00,7.877341
05/31  24:00:00,6.307712
06/01  01:00:00,5.889071
06/01  02:00:00,5.786202
06/01  03:00:00,5.671449
06/01  04:00:00,6.180349
06/01  05:00:00,7.711675
06/01  06:00:00,8.735257
06/01  07:00:00,9.008041
06/01  08:00:00,7.367532
06/01  09:00:00,6.596973
06/01  10:00:00,6.589185
06/01  11:00:00,6.531042
06/01  12:00:00,6.491229
06/01  13:00:00,6.606977
06/01  14:00:00,6.724070
06/01  15:00:00,8.102915
06/01  16:00:00,14.203030
06/01  17:00:00,21.004491
06/01  18:00:00,22.815778
06/01  19:00:00,20.251302
06/01  20:00:00,16.854720
06/01  21:00:00,14.302873
06/01  22:00:00,10.411956
06/01  23:00:00,7.889775
06/01  24:00:00,6.307712
06/02  01:00:00,5.889071
06/02  02:00:00,5.786202
06/02  03:00:00,5.671449
06/02  04:00:00,6.180349
06/02  05:00:00,7.711675
06/02  06:00:00,8.883284
06/02  07:00:00,9.008041
06/02  08:00:00,7.367532
06/02  09:00:00,6.608428
06/02  10:00:00,6.703351
06/02  11:00:00,7.445116
06/02  12:00:00,10.022008
06/02  13:00:00,15.927132
06/02  14:00:00,21.273035
06/02  15:00:00,25.511826
06/02  16:00:00,30.800185
06/02  17:00:00,36.180027
06/02  18:00:00,35.816429
06/02  19:00:00,29.961815
06/02  20:00:00,23.616254
06/02  21:00:00,18.223755
06/02  22:00:00,11.598727
06/02  23:00:00,8.207259
06/02  24:00:00,6.307712
06/03  01:00:00,5.889071
06/03  02:00:00,5.786202
06/03  03:00:00,5.671449
06/03  04:00:00,6.180349
06/03  05:00:00,7.711675
06/03  06:00:00,8.735257
06/03  07:00:00,9.008041
06/03  08:00:00,7.367532
06/03  09:00:00,6.596973
06/03  10:00:00,6.589185
06/03  11:00:00,6.532331
06/03  12:00:00,7.163364
06/03  13:00:00,13.061007
06/03  14:00:00,21.139737
06/03  15:00:00,26.302094
06/03  16:00:00,30.825657
06/03  17:00:00,33.205545
06/03  18:00:00,29.643995
06/03  19:00:00,23.365663
06/03  20:00:00,19.376231
06/03  21:00:00,16.208253
06/03  22:00:00,11.214234
06/03  23:00:00,8.137233
06/03  24:00:00,6.308489
06/04  01:00:00,5.889071
06/04  02:00:00,5.786202
06/04  03:00:00,5.671449
06/04  04:00:00,6.180349
06/04  05:00:00,7.711675
06/04  06:00:00,8.735257
06/04  07:00:00,9.008041
06/04  08:00:00,7.367532
06/04  09:00:00,6.596973
06/04  10:00:00,6.589185
06/04  11:00:00,6.556705
06/04  12:00:00,6.751097
06/04  13:00:00,10.077459
06/04  14:00:00,15.530821
06/04  15:00:00,20.357151
06/04  16:00:00,25.552927
06/04  17:00:00,30.221939
06/04  18:00:00,30.185284
06/04  19:00:00,25.590226
06/04  20:00:00,21.797190
06/04  21:00:00,17.314509
06/04  22:00:00,11.151749
06/04  23:00:00,8.119981
06/04  24:00:00,6.307712
06/05  01:00:00,5.889071
06/05  02:00:00,5.786202
06/05  03:00:00,5.671449
06/05  04:00:00,6.180349
06/05  05:00:00,7.711675
06/05  06:00:00,8.735257
06/05  07:00:00,9.008041
06/05  08:00:00,7.367532
06/05  09:00:00,6.596973
06/05  10:00:00,6.589185
06/05  11:00:00,6.531042
06/05  12:00:00,6.491229
06/05  13:00:00,6.648235
06/05  14:00:00,7.945091
06/05  15:00:00,12.660071
06/05  16:00:00,20.513526
06/05  17:00:00,27.394603
06/05  18:00:00,28.583860
06/05  19:00:00,23.096618
06/05  20:00:00,18.126670
06/05  21:00:00,14.743296
06/05  22:00:00,10.244209
06/05  23:00:00,7.863671
06/05  24:00:00,6.322674
06/06  01:00:00,5.898215
06/06  02:00:00,5.791816
06/06  03:00:00,5.675581
06/06  04:00:00,6.187401
06/06  05:00:00,7.724081
06/06  06:00:00,8.761824
06/06  07:00:00,9.059573
06/06  08:00:00,7.449449
06/06  09:00:00,6.697233
06/06  10:00:00,6.689754
06/06  11:00:00,6.624856
06/06  12:00:00,6.575363
06/06  13:00:00,6.685880
06/06  14:00:00,7.195701
06/06  15:00:00,11.395023
06/06  16:00:00,17.599885
06/06  17:00:00,23.214333
06/06  18:00:00,23.287306
06/06  19:00:00,20.757739
06/06  20:00:00,17.406379
06/06  21:00:00,14.617086
06/06  22:00:00,10.276944
06/06  23:00:00,7.883043
06/06  24:00:00,6.322674
06/07  01:00:00,5.898215
06/07  02:00:00,5.791816
06/07  03:00:00,5.675581
06/07  04:00:00,6.187401
06/07  05:00:00,7.724081
06/07  06:00:00,8.761824
06/07  07:00:00,9.059573
06/07  08:00:00,7.449449
06/07  09:00:00,6.697233
06/07  10:00:00,6.689754
06/07  11:00:00,6.624856
06/07  12:00:00,6.575363
06/07  13:00:00,6.709279
06/07  14:00:00,8.018931
06/07  15:00:00,12.605793
06/07  16:00:00,18.009208
06/07  17:00:00,23.432864
06/07  18:00:00,23.339883
06/07  19:00:00,20.783848
06/07  20:00:00,16.845921
06/07  21:00:00,13.686521
06/07  22:00:00,10.129518
06/07  23:00:00,7.877341
06/07  24:00:00,6.307712
06/08  01:00:00,5.889071
06/08  02:00:00,5.786202
06/08  03:00:00,5.671449
06/08  04:00:00,6.180349
06/08  05:00:00,7.711675
06/08  06:00:00,8.735257
06/08  07:00:00,9.008041
06/08  08:00:00,7.367532
06/08  09:00:00,6.596973
06/08  10:00:00,6.589185
06/08  11:00:00,6.531042
06/08  12:00:00,6.491229
06/08  13:00:00,6.804128
06/08  14:00:00,9.886930
06/08  15:00:00,14.267343
06/08  16:00:00,19.234272
06/08  17:00:00,24.638005
06/08  18:00:00,24.904162
06/08  19:00:00,21.621817
06/08  20:00:00,17.805996
06/08  21:00:00,14.127410
06/08  22:00:00,10.067222
06/08  23:00:00,7.856192
06/08  24:00:00,6.307712
06/09  01:00:00,5.889071
06/09  02:00:00,5.786202
06/09  03:00:00,5.671449
06/09  04:00:00,6.180349
06/09  05:00:00,7.711675
06/09  06:00:00,8.735257
06/09  07:00:00,9.008041
06/09  08:00:00,7.367532
06/09  09:00:00,6.596973
06/09  10:00:00,6.589185
06/09  11:00:00,6.531042
06/09  12:00:00,6.491229
06/09  13:00:00,6.606977
06/09  14:00:00,6.713226
06/09  15:00:00,7.403942
06/09  16:00:00,10.694209
06/09  17:00:00,16.616120
06/09  18:00:00,20.099070
06/09  19:00:00,18.685739
06/09  20:00:00,15.841568
06/09  21:00:00,13.534200
06/09  22:00:00,10.114395
06/09  23:00:00,7.848188
06/09  24:00:00,6.307712
06/10  01:00:00,5.889071
06/10  02:00:00,5.786202
06/10  03:00:00,5.671449
06/10  04:00:00,6.180349
06/10  05:00:00,7.711675
06/10  06:00:00,8.735257
06/10  07:00:00,9.008041
06/10  08:00:00,7.367532
06/10  09:00:00,6.596973
06/10  10:00:00,6.589185
06/10  11:00:00,6.531042
06/10  12:00:00,6.491229
06/10  13:00:00,6.681773
06/10  14:00:00,7.854425
06/10  15:00:00,11.651180
06/10  16:00:00,17.159466
06/10  17:00:00,21.537622
06/10  18:00:00,22.337342
06/10  19:00:00,20.125419
06/10  20:00:00,16.932857
06/10  21:00:00,14.301165
06/10  22:00:00,10.256610
06/10  23:00:00,7.870657
06/10  24:00:00,6.307712
06/11  01:00:00,5.889071
06/11  02:00:00,5.786202
06/11  03:00:00,5.671449
06/11  04:00:00,6.180349
06/11  05:00:00,7.711675
06/11  06:00:00,8.735257
06/11  07:00:00,9.008041
06/11  08:00:00,7.367532
06/11  09:00:00,6.596973
06/11  10:00:00,6.589185
06/11  11:00:00,6.531042
06/11  12:00:00,6.491229
06/11  13:00:00,6.606977
06/11  14:00:00,6.713226
06/11  15:00:00,7.381667
06/11  16:00:00,9.471617
06/11  17:00:00,11.651652
06/11  18:00:00,13.600444
06/11  19:00:00,14.740258
06/11  20:00:00,14.302068
06/11  21:00:00,12.815887
06/11  22:00:00,10.061348
06/11  23:00:00,7.846680
06/11  24:00:00,6.307712
06/12  01:00:00,5.889071
06/12  02:00:00,5.786202
06/12  03:00:00,5.671449
06/12  04:00:00,6.180349
06/12  05:00:00,7.711675
06/12  06:00:00,8.735257
06/12  07:00:00,9.008041
06/12  08:00:00,7.367532
06/12  09:00:00,6.596973
06/12  10:00:00,6.589185
06/12  11:00:00,6.531042
06/12  12:00:00,6.491229
06/12  13:00:00,6.606977
06/12  14:00:00,6.713226
06/12  15:00:00,7.381667
06/12  16:00:00,10.616312
06/12  17:00:00,17.155554
06/12  18:00:00,20.360318
06/12  19:00:00,18.913007
06/12  20:00:00,15.872165
06/12  21:00:00,13.314866
06/12  22:00:00,10.065181
06/12  23:00:00,7.846680
06/12  24:00:00,6.322674
06/13  01:00:00,5.898215
06/13  02:00:00,5.791816
06/13  03:00:00,5.675581
06/13  04:00:00,6.187401
06/13  05:00:00,7.724081
06/13  06:00:00,8.761824
06/13  07:00:00,9.059573
06/13  08:00:00,7.449449
06/13  09:00:00,6.697233
06/13  10:00:00,6.689754
06/13  11:00:00,6.624856
06/13  12:00:00,6.575363
06/13  13:00:00,6.685880
06/13  14:00:00,6.782019
06/13  15:00:00,7.678250
06/13  16:00:00,11.364002
06/13  17:00:00,17.963848
06/13  18:00:00,19.643799
06/13  19:00:00,18.104916
06/13  20:00:00,15.333330
06/13  21:00:00,13.059001
06/13  22:00:00,10.113808
06/13  23:00:00,7.877341
06/13  24:00:00,6.322674
06/14  01:00:00,5.898215
06/14  02:00:00,5.791816
06/14  03:00:00,5.675581
06/14  04:00:00,6.187401
06/14  05:00:00,7.724081
06/14  06:00:00,8.761824
06/14  07:00:00,9.059573
06/14  08:00:00,7.449449
06/14  09:00:00,6.697233
06/14  10:00:00,6.689754
06/14  11:00:00,6.624856
06/14  12:00:00,6.575363
06/14  13:00:00,6.685880
06/14  14:00:00,6.782019
06/14  15:00:00,7.498277
06/14  16:00:00,10.920002
06/14  17:00:00,17.954112
06/14  18:00:00,20.512599
06/14  19:00:00,18.811686
06/14  20:00:00,15.778616
06/14  21:00:00,13.368056
06/14  22:00:00,10.116709
06/14  23:00:00,7.880034
06/14  24:00:00,6.307712
06/15  01:00:00,5.889071
06/15  02:00:00,5.786202
06/15  03:00:00,5.671449
06/15  04:00:00,6.180349
06/15  05:00:00,7.711675
06/15  06:00:00,8.735257
06/15  07:00:00,9.008041
06/15  08:00:00,7.367532
06/15  09:00:00,6.596973
06/15  10:00:00,6.589185
06/15  11:00:00,6.531042
06/15  12:00:00,6.491229
06/15  13:00:00,6.606977
06/15  14:00:00,6.713226
06/15  15:00:00,8.007113
06/15  16:00:00,13.634095
06/15  17:00:00,20.756605
06/15  18:00:00,23.847496
06/15  19:00:00,21.259090
06/15  20:00:00,17.441992
06/15  21:00:00,15.242218
06/15  22:00:00,11.198160
06/15  23:00:00,7.891604
06/15  24:00:00,6.307712
06/16  01:00:00,5.889071
06/16  02:00:00,5.786202
06/16  03:00:00,5.671449
06/16  04:00:00,6.180349
06/16  05:00:00,7.711675
06/16  06:00:00,8.735257
06/16  07:00:00,9.008041
06/16  08:00:00,7.367532
06/16  09:00:00,6.596973
06/16  10:00:00,6.589185
06/16  11:00:00,6.585483
06/16  12:00:00,6.803543
06/16  13:00:00,9.170791
06/16  14:00:00,14.295462
06/16  15:00:00,18.047218
06/16  16:00:00,23.487951
06/16  17:00:00,29.389206
06/16  18:00:00,30.324733
06/16  19:00:00,25.863760
06/16  20:00:00,20.124291
06/16  21:00:00,17.043755
06/16  22:00:00,12.690220
06/16  23:00:00,8.616726
06/16  24:00:00,6.365942
06/17  01:00:00,5.889071
06/17  02:00:00,5.786202
06/17  03:00:00,5.671449
06/17  04:00:00,6.180349
06/17  05:00:00,7.711675
06/17  06:00:00,8.843860
06/17  07:00:00,9.011309
06/17  08:00:00,7.586595
06/17  09:00:00,6.656697
06/17  10:00:00,6.920521
06/17  11:00:00,8.230669
06/17  12:00:00,11.503539
06/17  13:00:00,18.245240
06/17  14:00:00,24.175464
06/17  15:00:00,28.093587
06/17  16:00:00,32.272924
06/17  17:00:00,35.821013
06/17  18:00:00,35.239317
06/17  19:00:00,30.411384
06/17  20:00:00,24.727437
06/17  21:00:00,19.966164
06/17  22:00:00,14.041530
06/17  23:00:00,9.928439
06/17  24:00:00,7.210215
06/18  01:00:00,6.015480
06/18  02:00:00,5.786202
06/18  03:00:00,5.671449
06/18  04:00:00,6.180349
06/18  05:00:00,7.711675
06/18  06:00:00,9.255527
06/18  07:00:00,9.228487
06/18  08:00:00,8.045139
06/18  09:00:00,7.052092
06/18  10:00:00,8.041080
06/18  11:00:00,11.847811
06/18  12:00:00,17.478355
06/18  13:00:00,26.236123
06/18  14:00:00,31.077560
06/18  15:00:00,32.804474
06/18  16:00:00,35.633398
06/18  17:00:00,39.955985
06/18  18:00:00,39.210215
06/18  19:00:00,33.991669
06/18  20:00:00,27.768419
06/18  21:00:00,23.178512
06/18  22:00:00,16.783079
06/18  23:00:00,11.281065
06/18  24:00:00,8.278935
06/19  01:00:00,6.903791
06/19  02:00:00,6.121119
06/19  03:00:00,5.692368
06/19  04:00:00,6.180349
06/19  05:00:00,7.717656
06/19  06:00:00,10.162018
06/19  07:00:00,9.773945
06/19  08:00:00,8.622024
06/19  09:00:00,8.543553
06/19  10:00:00,13.519812
06/19  11:00:00,21.905404
06/19  12:00:00,28.278753
06/19  13:00:00,36.370970
06/19  14:00:00,39.546116
06/19  15:00:00,41.264546
06/19  16:00:00,45.939633
06/19  17:00:00,50.549304
06/19  18:00:00,48.728753
06/19  19:00:00,41.313027
06/19  20:00:00,32.527328
06/19  21:00:00,26.531093
06/19  22:00:00,19.604659
06/19  23:00:00,13.865127
06/19  24:00:00,10.514906
06/20  01:00:00,8.638917
06/20  02:00:00,7.370484
06/20  03:00:00,6.560599
06/20  04:00:00,6.602770
06/20  05:00:00,8.052134
06/20  06:00:00,11.020107
06/20  07:00:00,10.031488
06/20  08:00:00,9.977750
06/20  09:00:00,14.168188
06/20  10:00:00,21.900658
06/20  11:00:00,25.957208
06/20  12:00:00,29.338178
06/20  13:00:00,40.275096
06/20  14:00:00,47.645942
06/20  15:00:00,49.674354
06/20  16:00:00,53.519442
06/20  17:00:00,59.628083
06/20  18:00:00,51.859382
06/20  19:00:00,36.610049
06/20  20:00:00,27.664501
06/20  21:00:00,23.346754
06/20  22:00:00,16.577934
06/20  23:00:00,11.415207
06/20  24:00:00,8.581239
06/21  01:00:00,7.266054
06/21  02:00:00,6.349734
06/21  03:00:00,5.796695
06/21  04:00:00,6.192696
06/21  05:00:00,7.761580
06/21  06:00:00,9.879215
06/21  07:00:00,9.266086
06/21  08:00:00,8.193914
06/21  09:00:00,7.639753
06/21  10:00:00,9.710388
06/21  11:00:00,12.668822
06/21  12:00:00,15.533422
06/21  13:00:00,20.153371
06/21  14:00:00,23.033062
06/21  15:00:00,26.322032
06/21  16:00:00,29.957108
06/21  17:00:00,34.368479
06/21  18:00:00,32.540309
06/21  19:00:00,28.684543
06/21  20:00:00,23.336562
06/21  21:00:00,19.815233
06/21  22:00:00,14.250241
06/21  23:00:00,9.526648
06/21  24:00:00,6.782184
06/22  01:00:00,5.916111
06/22  02:00:00,5.786202
06/22  03:00:00,5.671449
06/22  04:00:00,6.180349
06/22  05:00:00,7.711675
06/22  06:00:00,9.212794
06/22  07:00:00,9.093699
06/22  08:00:00,7.753764
06/22  09:00:00,6.805846
06/22  10:00:00,7.259935
06/22  11:00:00,9.265692
06/22  12:00:00,12.141431
06/22  13:00:00,18.857461
06/22  14:00:00,23.024341
06/22  15:00:00,24.311168
06/22  16:00:00,26.821372
06/22  17:00:00,30.071679
06/22  18:00:00,28.990674
06/22  19:00:00,23.571619
06/22  20:00:00,18.728367
06/22  21:00:00,16.091416
06/22  22:00:00,11.435721
06/22  23:00:00,8.508128
06/22  24:00:00,6.399375
06/23  01:00:00,5.889071
06/23  02:00:00,5.786202
06/23  03:00:00,5.671449
06/23  04:00:00,6.180349
06/23  05:00:00,7.711675
06/23  06:00:00,9.349711
06/23  07:00:00,9.228257
06/23  08:00:00,7.943225
06/23  09:00:00,6.750087
06/23  10:00:00,6.857670
06/23  11:00:00,7.523361
06/23  12:00:00,9.954671
06/23  13:00:00,15.322029
06/23  14:00:00,20.077836
06/23  15:00:00,23.050355
06/23  16:00:00,26.863307
06/23  17:00:00,31.505636
06/23  18:00:00,32.455234
06/23  19:00:00,27.565145
06/23  20:00:00,21.915079
06/23  21:00:00,17.839806
06/23  22:00:00,12.338645
06/23  23:00:00,8.957104
06/23  24:00:00,6.590995
06/24  01:00:00,5.896804
06/24  02:00:00,5.786202
06/24  03:00:00,5.671449
06/24  04:00:00,6.180349
06/24  05:00:00,7.711675
06/24  06:00:00,8.735257
06/24  07:00:00,9.008041
06/24  08:00:00,7.367532
06/24  09:00:00,6.596973
06/24  10:00:00,6.589185
06/24  11:00:00,6.531042
06/24  12:00:00,6.747281
06/24  13:00:00,9.968089
06/24  14:00:00,15.186649
06/24  15:00:00,18.324874
06/24  16:00:00,21.647650
06/24  17:00:00,26.312675
06/24  18:00:00,26.943292
06/24  19:00:00,24.222415
06/24  20:00:00,20.008545
06/24  21:00:00,16.186646
06/24  22:00:00,11.161824
06/24  23:00:00,8.290577
06/24  24:00:00,6.330347
06/25  01:00:00,5.889071
06/25  02:00:00,5.786202
06/25  03:00:00,5.671449
06/25  04:00:00,6.180349
06/25  05:00:00,7.711675
06/25  06:00:00,8.767359
06/25  07:00:00,9.008041
06/25  08:00:00,7.367532
06/25  09:00:00,6.596973
06/25  10:00:00,6.642089
06/25  11:00:00,7.129051
06/25  12:00:00,9.206034
06/25  13:00:00,13.828417
06/25  14:00:00,18.297688
06/25  15:00:00,21.190778
06/25  16:00:00,25.020080
06/25  17:00:00,28.388883
06/25  18:00:00,28.148915
06/25  19:00:00,25.214522
06/25  20:00:00,20.604495
06/25  21:00:00,16.987268
06/25  22:00:00,12.089491
06/25  23:00:00,8.772482
06/25  24:00:00,6.475622
06/26  01:00:00,5.889071
06/26  02:00:00,5.786202
06/26  03:00:00,5.671449
06/26  04:00:00,6.180349
06/26  05:00:00,7.711675
06/26  06:00:00,9.213951
06/26  07:00:00,9.094506
06/26  08:00:00,7.888874
06/26  09:00:00,6.872627
06/26  10:00:00,7.333975
06/26  11:00:00,9.742915
06/26  12:00:00,12.536697
06/26  13:00:00,18.570578
06/26  14:00:00,20.610807
06/26  15:00:00,23.712819
06/26  16:00:00,28.640152
06/26  17:00:00,31.060105
06/26  18:00:00,30.677916
06/26  19:00:00,26.344792
06/26  20:00:00,21.745387
06/26  21:00:00,19.011420
06/26  22:00:00,13.768317
06/26  23:00:00,9.386483
06/26  24:00:00,6.916767
06/27  01:00:00,6.015911
06/27  02:00:00,5.792408
06/27  03:00:00,5.675581
06/27  04:00:00,6.187401
06/27  05:00:00,7.724081
06/27  06:00:00,9.140424
06/27  07:00:00,9.130690
06/27  08:00:00,8.070286
06/27  09:00:00,7.098182
06/27  10:00:00,8.272735
06/27  11:00:00,11.838125
06/27  12:00:00,15.343224
06/27  13:00:00,22.660913
06/27  14:00:00,27.726719
06/27  15:00:00,29.759475
06/27  16:00:00,31.406693
06/27  17:00:00,34.756540
06/27  18:00:00,30.967282
06/27  19:00:00,25.570847
06/27  20:00:00,23.014598
06/27  21:00:00,20.361851
06/27  22:00:00,14.026082
06/27  23:00:00,10.101704
06/27  24:00:00,7.365730
06/28  01:00:00,6.272356
06/28  02:00:00,5.847265
06/28  03:00:00,5.675581
06/28  04:00:00,6.187401
06/28  05:00:00,7.731433
06/28  06:00:00,9.981888
06/28  07:00:00,9.682416
06/28  08:00:00,8.509503
06/28  09:00:00,7.448039
06/28  10:00:00,9.466446
06/28  11:00:00,12.101249
06/28  12:00:00,15.042625
06/28  13:00:00,22.486618
06/28  14:00:00,27.818857
06/28  15:00:00,30.781937
06/28  16:00:00,34.612245
06/28  17:00:00,40.440255
06/28  18:00:00,37.786489
06/28  19:00:00,32.242642
06/28  20:00:00,26.514779
06/28  21:00:00,22.033489
06/28  22:00:00,15.448849
06/28  23:00:00,10.211743
06/28  24:00:00,7.421459
06/29  01:00:00,6.176895
06/29  02:00:00,5.797317
06/29  03:00:00,5.671449
06/29  04:00:00,6.180349
06/29  05:00:00,7.711675
06/29  06:00:00,9.696903
06/29  07:00:00,9.154093
06/29  08:00:00,7.808583
06/29  09:00:00,6.950281
06/29  10:00:00,8.023296
06/29  11:00:00,11.484017
06/29  12:00:00,14.759377
06/29  13:00:00,20.220777
06/29  14:00:00,23.210264
06/29  15:00:00,27.085143
06/29  16:00:00,31.742272
06/29  17:00:00,36.788670
06/29  18:00:00,37.757355
06/29  19:00:00,32.604262
06/29  20:00:00,26.045972
06/29  21:00:00,20.152047
06/29  22:00:00,13.216855
06/29  23:00:00,9.904407
06/29  24:00:00,7.307626
06/30  01:00:00,6.248190
06/30  02:00:00,5.816040
06/30  03:00:00,5.671449
06/30  04:00:00,6.180349
06/30  05:00:00,7.715038
06/30  06:00:00,10.019580
06/30  07:00:00,9.507961
06/30  08:00:00,8.127108
06/30  09:00:00,6.860803
06/30  10:00:00,6.979029
06/30  11:00:00,7.780163
06/30  12:00:00,10.180062
06/30  13:00:00,15.549053
06/30  14:00:00,19.805238
06/30  15:00:00,22.888934
06/30  16:00:00,26.867514
06/30  17:00:00,31.751694
06/30  18:00:00,31.859576
06/30  19:00:00,27.155841
06/30  20:00:00,22.537064
06/30  21:00:00,19.105885
06/30  22:00:00,13.337126
06/30  23:00:00,9.630394
06/30  24:00:00,6.946804
07/01  01:00:00,5.959199
07/01  02:00:00,5.786202
07/01  03:00:00,5.671449
07/01  04:00:00,6.180349
07/01  05:00:00,7.711675
07/01  06:00:00,10.038770
07/01  07:00:00,9.707914
07/01  08:00:00,8.375379
07/01  09:00:00,7.114725
07/01  10:00:00,8.058885
07/01  11:00:00,11.001840
07/01  12:00:00,14.309113
07/01  13:00:00,20.466091
07/01  14:00:00,23.748590
07/01  15:00:00,27.403172
07/01  16:00:00,31.684337
07/01  17:00:00,37.165340
07/01  18:00:00,38.510496
07/01  19:00:00,34.967925
07/01  20:00:00,28.690092
07/01  21:00:00,23.394207
07/01  22:00:00,16.087492
07/01  23:00:00,10.643092
07/01  24:00:00,7.646034
07/02  01:00:00,6.288397
07/02  02:00:00,5.830679
07/02  03:00:00,5.671449
07/02  04:00:00,6.180349
07/02  05:00:00,7.711675
07/02  06:00:00,10.369095
07/02  07:00:00,9.957007
07/02  08:00:00,8.680316
07/02  09:00:00,7.362709
07/02  10:00:00,9.188918
07/02  11:00:00,12.908009
07/02  12:00:00,17.278486
07/02  13:00:00,22.966049
07/02  14:00:00,26.766337
07/02  15:00:00,31.349829
07/02  16:00:00,35.267730
07/02  17:00:00,39.206447
07/02  18:00:00,38.035059
07/02  19:00:00,32.642692
07/02  20:00:00,26.629913
07/02  21:00:00,22.196731
07/02  22:00:00,14.968752
07/02  23:00:00,10.289160
07/02  24:00:00,7.445324
07/03  01:00:00,6.176653
07/03  02:00:00,5.798211
07/03  03:00:00,5.671449
07/03  04:00:00,6.180349
07/03  05:00:00,7.711675
07/03  06:00:00,9.999778
07/03  07:00:00,9.838389
07/03  08:00:00,8.507962
07/03  09:00:00,7.323375
07/03  10:00:00,8.700944
07/03  11:00:00,11.790579
07/03  12:00:00,15.596128
07/03  13:00:00,22.863627
07/03  14:00:00,26.600313
07/03  15:00:00,28.129016
07/03  16:00:00,32.375759
07/03  17:00:00,37.907716
07/03  18:00:00,38.943401
07/03  19:00:00,34.483077
07/03  20:00:00,26.833860
07/03  21:00:00,20.631911
07/03  22:00:00,14.499180
07/03  23:00:00,10.482323
07/03  24:00:00,7.736773
07/04  01:00:00,6.402967
07/04  02:00:00,5.863723
07/04  03:00:00,5.675581
07/04  04:00:00,6.187401
07/04  05:00:00,7.726150
07/04  06:00:00,9.997659
07/04  07:00:00,9.627735
07/04  08:00:00,8.377829
07/04  09:00:00,7.372437
07/04  10:00:00,8.679882
07/04  11:00:00,10.863885
07/04  12:00:00,12.626804
07/04  13:00:00,18.811718
07/04  14:00:00,23.183205
07/04  15:00:00,25.793797
07/04  16:00:00,29.443081
07/04  17:00:00,34.933222
07/04  18:00:00,34.048525
07/04  19:00:00,30.174359
07/04  20:00:00,24.204091
07/04  21:00:00,20.435767
07/04  22:00:00,14.009879
07/04  23:00:00,9.625943
07/04  24:00:00,6.832984
07/05  01:00:00,5.930515
07/05  02:00:00,5.791816
07/05  03:00:00,5.675581
07/05  04:00:00,6.187401
07/05  05:00:00,7.724081
07/05  06:00:00,8.761824
07/05  07:00:00,9.059573
07/05  08:00:00,7.449449
07/05  09:00:00,6.697233
07/05  10:00:00,6.689754
07/05  11:00:00,6.714933
07/05  12:00:00,7.304542
07/05  13:00:00,12.647539
07/05  14:00:00,19.588431
07/05  15:00:00,24.394419
07/05  16:00:00,30.085620
07/05  17:00:00,35.388670
07/05  18:00:00,33.205117
07/05  19:00:00,28.766247
07/05  20:00:00,23.398027
07/05  21:00:00,18.885432
07/05  22:00:00,12.568553
07/05  23:00:00,9.292863
07/05  24:00:00,6.657471
07/06  01:00:00,5.901440
07/06  02:00:00,5.791816
07/06  03:00:00,5.675581
07/06  04:00:00,6.187401
07/06  05:00:00,7.724081
07/06  06:00:00,8.761824
07/06  07:00:00,9.059573
07/06  08:00:00,7.449449
07/06  09:00:00,6.697233
07/06  10:00:00,6.798230
07/06  11:00:00,8.399054
07/06  12:00:00,12.106245
07/06  13:00:00,19.467498
07/06  14:00:00,22.971573
07/06  15:00:00,25.139657
07/06  16:00:00,28.437771
07/06  17:00:00,33.256629
07/06  18:00:00,30.918003
07/06  19:00:00,25.887048
07/06  20:00:00,21.332013
07/06  21:00:00,17.503765
07/06  22:00:00,12.924215
07/06  23:00:00,9.348289
07/06  24:00:00,6.852418
07/07  01:00:00,5.986085
07/07  02:00:00,5.786202
07/07  03:00:00,5.671449
07/07  04:00:00,6.180349
07/07  05:00:00,7.711675
07/07  06:00:00,8.735257
07/07  07:00:00,9.008041
07/07  08:00:00,7.367532
07/07  09:00:00,6.596973
07/07  10:00:00,6.681502
07/07  11:00:00,8.038334
07/07  12:00:00,10.366205
07/07  13:00:00,15.865107
07/07  14:00:00,20.379315
07/07  15:00:00,23.345248
07/07  16:00:00,28.416671
07/07  17:00:00,32.834029
07/07  18:00:00,31.865242
07/07  19:00:00,25.940631
07/07  20:00:00,20.307730
07/07  21:00:00,17.114710
07/07  22:00:00,12.193064
07/07  23:00:00,9.078290
07/07  24:00:00,6.741346
07/08  01:00:00,5.942346
07/08  02:00:00,5.786202
07/08  03:00:00,5.671449
07/08  04:00:00,6.180349
07/08  05:00:00,7.711675
07/08  06:00:00,8.736417
07/08  07:00:00,9.008041
07/08  08:00:00,7.367532
07/08  09:00:00,6.596973
07/08  10:00:00,6.589185
07/08  11:00:00,6.672123
07/08  12:00:00,7.476305
07/08  13:00:00,12.689751
07/08  14:00:00,17.523544
07/08  15:00:00,20.724618
07/08  16:00:00,25.014327
07/08  17:00:00,29.635611
07/08  18:00:00,30.036118
07/08  19:00:00,26.213305
07/08  20:00:00,20.391803
07/08  21:00:00,16.240456
07/08  22:00:00,11.863544
07/08  23:00:00,8.876706
07/08  24:00:00,6.550030
07/09  01:00:00,5.893885
07/09  02:00:00,5.786202
07/09  03:00:00,5.671449
07/09  04:00:00,6.180349
07/09  05:00:00,7.711675
07/09  06:00:00,8.735257
07/09  07:00:00,9.008041
07/09  08:00:00,7.367532
07/09  09:00:00,6.596973
07/09  10:00:00,6.589185
07/09  11:00:00,6.531042
07/09  12:00:00,6.772981
07/09  13:00:00,9.307528
07/09  14:00:00,14.870879
07/09  15:00:00,19.836790
07/09  16:00:00,24.448961
07/09  17:00:00,27.559698
07/09  18:00:00,26.208574
07/09  19:00:00,23.366843
07/09  20:00:00,19.572944
07/09  21:00:00,16.218985
07/09  22:00:00,11.437170
07/09  23:00:00,8.542597
07/09  24:00:00,6.437315
07/10  01:00:00,5.889071
07/10  02:00:00,5.786202
07/10  03:00:00,5.671449
07/10  04:00:00,6.180349
07/10  05:00:00,7.711675
07/10  06:00:00,8.735257
07/10  07:00:00,9.008041
07/10  08:00:00,7.367532
07/10  09:00:00,6.596973
07/10  10:00:00,6.589185
07/10  11:00:00,6.543031
07/10  12:00:00,6.660082
07/10  13:00:00,7.271153
07/10  14:00:00,10.016907
07/10  15:00:00,14.087302
07/10  16:00:00,21.030485
07/10  17:00:00,24.841875
07/10  18:00:00,25.027141
07/10  19:00:00,23.828039
07/10  20:00:00,21.415918
07/10  21:00:00,17.056169
07/10  22:00:00,11.960928
07/10  23:00:00,8.514283
07/10  24:00:00,6.421307
07/11  01:00:00,5.898215
07/11  02:00:00,5.791816
07/11  03:00:00,5.675581
07/11  04:00:00,6.187401
07/11  05:00:00,7.724081
07/11  06:00:00,8.761824
07/11  07:00:00,9.059573
07/11  08:00:00,7.449449
07/11  09:00:00,6.697233
07/11  10:00:00,6.689754
07/11  11:00:00,6.671865
07/11  12:00:00,7.413739
07/11  13:00:00,13.295253
07/11  14:00:00,19.055704
07/11  15:00:00,22.670518
07/11  16:00:00,27.992156
07/11  17:00:00,33.796631
07/11  18:00:00,32.314887
07/11  19:00:00,27.476991
07/11  20:00:00,21.408467
07/11  21:00:00,18.305106
07/11  22:00:00,12.853751
07/11  23:00:00,8.621966
07/11  24:00:00,6.389609
07/12  01:00:00,5.898215
07/12  02:00:00,5.791816
07/12  03:00:00,5.675581
07/12  04:00:00,6.187401
07/12  05:00:00,7.724081
07/12  06:00:00,9.020267
07/12  07:00:00,9.264012
07/12  08:00:00,8.019070
07/12  09:00:00,6.834836
07/12  10:00:00,7.057259
07/12  11:00:00,8.526174
07/12  12:00:00,11.897366
07/12  13:00:00,19.093711
07/12  14:00:00,23.954301
07/12  15:00:00,28.820737
07/12  16:00:00,33.708328
07/12  17:00:00,38.225871
07/12  18:00:00,35.589782
07/12  19:00:00,30.902334
07/12  20:00:00,24.340709
07/12  21:00:00,19.717923
07/12  22:00:00,13.925241
07/12  23:00:00,9.661973
07/12  24:00:00,7.031531
07/13  01:00:00,5.974459
07/13  02:00:00,5.786202
07/13  03:00:00,5.671449
07/13  04:00:00,6.180349
07/13  05:00:00,7.711675
07/13  06:00:00,9.218695
07/13  07:00:00,9.415634
07/13  08:00:00,8.214729
07/13  09:00:00,7.124709
07/13  10:00:00,7.946200
07/13  11:00:00,11.371189
07/13  12:00:00,16.242309
07/13  13:00:00,23.142782
07/13  14:00:00,28.996724
07/13  15:00:00,33.754209
07/13  16:00:00,37.077501
07/13  17:00:00,39.899854
07/13  18:00:00,38.631928
07/13  19:00:00,33.079199
07/13  20:00:00,26.950575
07/13  21:00:00,22.762180
07/13  22:00:00,16.608430
07/13  23:00:00,11.102610
07/13  24:00:00,8.151751
07/14  01:00:00,6.812566
07/14  02:00:00,6.052160
07/14  03:00:00,5.697869
07/14  04:00:00,6.180349
07/14  05:00:00,7.711675
07/14  06:00:00,9.107868
07/14  07:00:00,9.008041
07/14  08:00:00,7.367532
07/14  09:00:00,6.596973
07/14  10:00:00,6.638246
07/14  11:00:00,7.272787
07/14  12:00:00,10.281881
07/14  13:00:00,16.458146
07/14  14:00:00,21.370466
07/14  15:00:00,24.361987
07/14  16:00:00,28.022542
07/14  17:00:00,32.288329
07/14  18:00:00,32.565920
07/14  19:00:00,28.654123
07/14  20:00:00,23.303144
07/14  21:00:00,19.411648
07/14  22:00:00,13.221739
07/14  23:00:00,9.615613
07/14  24:00:00,7.045468
07/15  01:00:00,6.121910
07/15  02:00:00,5.803616
07/15  03:00:00,5.671449
07/15  04:00:00,6.180349
07/15  05:00:00,7.711675
07/15  06:00:00,8.735257
07/15  07:00:00,9.008041
07/15  08:00:00,7.367532
07/15  09:00:00,6.596973
07/15  10:00:00,6.592316
07/15  11:00:00,6.988604
07/15  12:00:00,8.750976
07/15  13:00:00,13.731652
07/15  14:00:00,18.132817
07/15  15:00:00,21.291698
07/15  16:00:00,25.850577
07/15  17:00:00,30.185186
07/15  18:00:00,31.032236
07/15  19:00:00,26.420335
07/15  20:00:00,21.384320
07/15  21:00:00,17.443357
07/15  22:00:00,12.095596
07/15  23:00:00,8.885269
07/15  24:00:00,6.624761
07/16  01:00:00,5.921181
07/16  02:00:00,5.786202
07/16  03:00:00,5.671449
07/16  04:00:00,6.180349
07/16  05:00:00,7.711675
07/16  06:00:00,8.735257
07/16  07:00:00,9.008041
07/16  08:00:00,7.367532
07/16  09:00:00,6.596973
07/16  10:00:00,6.589185
07/16  11:00:00,6.531042
07/16  12:00:00,6.619574
07/16  13:00:00,8.815328
07/16  14:00:00,15.021139
07/16  15:00:00,19.075338
07/16  16:00:00,24.037664
07/16  17:00:00,29.210848
07/16  18:00:00,29.797274
07/16  19:00:00,26.101046
07/16  20:00:00,21.600398
07/16  21:00:00,18.956940
07/16  22:00:00,12.900770
07/16  23:00:00,8.934130
07/16  24:00:00,6.506331
07/17  01:00:00,5.891895
07/17  02:00:00,5.786202
07/17  03:00:00,5.671449
07/17  04:00:00,6.180349
07/17  05:00:00,7.711675
07/17  06:00:00,8.735257
07/17  07:00:00,9.008041
07/17  08:00:00,7.367532
07/17  09:00:00,6.596973
07/17  10:00:00,6.589185
07/17  11:00:00,6.664610
07/17  12:00:00,7.683744
07/17  13:00:00,12.390882
07/17  14:00:00,17.685932
07/17  15:00:00,21.141279
07/17  16:00:00,25.743520
07/17  17:00:00,31.181606
07/17  18:00:00,32.619692
07/17  19:00:00,28.651969
07/17  20:00:00,23.512453
07/17  21:00:00,19.446101
07/17  22:00:00,13.223223
07/17  23:00:00,9.269150
07/17  24:00:00,6.752375
07/18  01:00:00,5.912408
07/18  02:00:00,5.791816
07/18  03:00:00,5.675581
07/18  04:00:00,6.187401
07/18  05:00:00,7.724081
07/18  06:00:00,8.761824
07/18  07:00:00,9.059573
07/18  08:00:00,7.449449
07/18  09:00:00,6.697233
07/18  10:00:00,6.731868
07/18  11:00:00,7.470773
07/18  12:00:00,10.473323
07/18  13:00:00,16.836046
07/18  14:00:00,22.192258
07/18  15:00:00,27.185062
07/18  16:00:00,31.679508
07/18  17:00:00,37.235495
07/18  18:00:00,35.824609
07/18  19:00:00,30.971880
07/18  20:00:00,25.250073
07/18  21:00:00,21.247404
07/18  22:00:00,14.927307
07/18  23:00:00,10.090298
07/18  24:00:00,7.377319
07/19  01:00:00,6.179967
07/19  02:00:00,5.801470
07/19  03:00:00,5.675581
07/19  04:00:00,6.187401
07/19  05:00:00,7.724081
07/19  06:00:00,9.422613
07/19  07:00:00,9.532888
07/19  08:00:00,8.221165
07/19  09:00:00,7.039015
07/19  10:00:00,7.285141
07/19  11:00:00,9.384674
07/19  12:00:00,12.992352
07/19  13:00:00,19.745733
07/19  14:00:00,22.969242
07/19  15:00:00,26.106763
07/19  16:00:00,29.993665
07/19  17:00:00,34.972787
07/19  18:00:00,32.970679
07/19  19:00:00,28.284156
07/19  20:00:00,23.333732
07/19  21:00:00,19.587080
07/19  22:00:00,13.308584
07/19  23:00:00,9.304786
07/19  24:00:00,6.650974
07/20  01:00:00,5.897538
07/20  02:00:00,5.786202
07/20  03:00:00,5.671449
07/20  04:00:00,6.180349
07/20  05:00:00,7.711675
07/20  06:00:00,9.388292
07/20  07:00:00,9.513077
07/20  08:00:00,8.113957
07/20  09:00:00,6.760556
07/20  10:00:00,6.757039
07/20  11:00:00,7.169842
07/20  12:00:00,9.607708
07/20  13:00:00,15.025387
07/20  14:00:00,19.199282
07/20  15:00:00,21.182106
07/20  16:00:00,25.357276
07/20  17:00:00,30.532471
07/20  18:00:00,31.307431
07/20  19:00:00,26.477261
07/20  20:00:00,20.996672
07/20  21:00:00,16.722075
07/20  22:00:00,11.748721
07/20  23:00:00,8.750862
07/20  24:00:00,6.488832
07/21  01:00:00,5.889071
07/21  02:00:00,5.786202
07/21  03:00:00,5.671449
07/21  04:00:00,6.180349
07/21  05:00:00,7.711675
07/21  06:00:00,8.735257
07/21  07:00:00,9.008041
07/21  08:00:00,7.367532
07/21  09:00:00,6.596973
07/21  10:00:00,6.589185
07/21  11:00:00,6.531042
07/21  12:00:00,6.887398
07/21  13:00:00,11.477336
07/21  14:00:00,16.405278
07/21  15:00:00,19.757001
07/21  16:00:00,24.363512
07/21  17:00:00,29.115137
07/21  18:00:00,29.273328
07/21  19:00:00,24.760412
07/21  20:00:00,20.418292
07/21  21:00:00,16.982838
07/21  22:00:00,12.319039
07/21  23:00:00,8.867110
07/21  24:00:00,6.599440
07/22  01:00:00,5.898235
07/22  02:00:00,5.786202
07/22  03:00:00,5.671449
07/22  04:00:00,6.180349
07/22  05:00:00,7.711675
07/22  06:00:00,9.242351
07/22  07:00:00,9.284935
07/22  08:00:00,8.190719
07/22  09:00:00,7.075704
07/22  10:00:00,7.099077
07/22  11:00:00,8.687096
07/22  12:00:00,11.665723
07/22  13:00:00,17.906465
07/22  14:00:00,20.958173
07/22  15:00:00,22.074825
07/22  16:00:00,24.490041
07/22  17:00:00,26.877451
07/22  18:00:00,25.885209
07/22  19:00:00,23.122493
07/22  20:00:00,21.007270
07/22  21:00:00,18.092722
07/22  22:00:00,12.158867
07/22  23:00:00,8.893435
07/22  24:00:00,6.671304
07/23  01:00:00,5.937592
07/23  02:00:00,5.786202
07/23  03:00:00,5.671449
07/23  04:00:00,6.180349
07/23  05:00:00,7.711675
07/23  06:00:00,8.735257
07/23  07:00:00,9.008041
07/23  08:00:00,7.367532
07/23  09:00:00,6.596973
07/23  10:00:00,6.589185
07/23  11:00:00,6.712670
07/23  12:00:00,7.958888
07/23  13:00:00,14.929463
07/23  14:00:00,22.164875
07/23  15:00:00,25.796066
07/23  16:00:00,29.037512
07/23  17:00:00,32.452582
07/23  18:00:00,32.207500
07/23  19:00:00,28.484982
07/23  20:00:00,24.279370
07/23  21:00:00,19.688458
07/23  22:00:00,13.114695
07/23  23:00:00,9.538954
07/23  24:00:00,6.902898
07/24  01:00:00,5.982933
07/24  02:00:00,5.786202
07/24  03:00:00,5.671449
07/24  04:00:00,6.180349
07/24  05:00:00,7.711675
07/24  06:00:00,9.393789
07/24  07:00:00,9.368161
07/24  08:00:00,8.404556
07/24  09:00:00,7.268128
07/24  10:00:00,7.961450
07/24  11:00:00,10.007707
07/24  12:00:00,12.617193
07/24  13:00:00,19.040438
07/24  14:00:00,22.635341
07/24  15:00:00,26.052295
07/24  16:00:00,29.782851
07/24  17:00:00,34.126590
07/24  18:00:00,34.103922
07/24  19:00:00,29.056921
07/24  20:00:00,23.568352
07/24  21:00:00,19.661071
07/24  22:00:00,14.283357
07/24  23:00:00,9.918371
07/24  24:00:00,7.295586
07/25  01:00:00,6.177636
07/25  02:00:00,5.811139
07/25  03:00:00,5.675581
07/25  04:00:00,6.187401
07/25  05:00:00,7.724081
07/25  06:00:00,9.583771
07/25  07:00:00,9.791618
07/25  08:00:00,8.830222
07/25  09:00:00,7.841740
07/25  10:00:00,9.615825
07/25  11:00:00,13.854220
07/25  12:00:00,18.149751
07/25  13:00:00,23.952357
07/25  14:00:00,27.067109
07/25  15:00:00,30.395772
07/25  16:00:00,35.108430
07/25  17:00:00,40.080933
07/25  18:00:00,37.258718
07/25  19:00:00,31.738712
07/25  20:00:00,26.226883
07/25  21:00:00,20.954982
07/25  22:00:00,14.495698
07/25  23:00:00,10.260055
07/25  24:00:00,7.562410
07/26  01:00:00,6.443991
07/26  02:00:00,5.903234
07/26  03:00:00,5.675581
07/26  04:00:00,6.187401
07/26  05:00:00,7.724081
07/26  06:00:00,9.548739
07/26  07:00:00,9.812118
07/26  08:00:00,8.898894
07/26  09:00:00,8.098529
07/26  10:00:00,10.412082
07/26  11:00:00,15.073134
07/26  12:00:00,19.112109
07/26  13:00:00,25.946924
07/26  14:00:00,31.355626
07/26  15:00:00,36.298042
07/26  16:00:00,41.122584
07/26  17:00:00,45.411849
07/26  18:00:00,41.732528
07/26  19:00:00,35.289953
07/26  20:00:00,29.177879
07/26  21:00:00,24.643194
07/26  22:00:00,17.798324
07/26  23:00:00,11.782012
07/26  24:00:00,8.411170
07/27  01:00:00,7.032246
07/27  02:00:00,6.305869
07/27  03:00:00,5.850890
07/27  04:00:00,6.200203
07/27  05:00:00,7.711675
07/27  06:00:00,10.553417
07/27  07:00:00,9.777921
07/27  08:00:00,8.655673
07/27  09:00:00,7.852465
07/27  10:00:00,10.253225
07/27  11:00:00,14.391222
07/27  12:00:00,18.620652
07/27  13:00:00,26.105869
07/27  14:00:00,29.825215
07/27  15:00:00,32.466900
07/27  16:00:00,36.639353
07/27  17:00:00,40.377361
07/27  18:00:00,39.335727
07/27  19:00:00,33.774746
07/27  20:00:00,27.861540
07/27  21:00:00,23.230488
07/27  22:00:00,16.746936
07/27  23:00:00,11.239643
07/27  24:00:00,8.190493
07/28  01:00:00,6.753641
07/28  02:00:00,6.164402
07/28  03:00:00,5.830797
07/28  04:00:00,6.238460
07/28  05:00:00,7.736383
07/28  06:00:00,11.112860
07/28  07:00:00,9.670353
07/28  08:00:00,8.531140
07/28  09:00:00,7.484049
07/28  10:00:00,9.290962
07/28  11:00:00,12.387588
07/28  12:00:00,15.439027
07/28  13:00:00,20.843244
07/28  14:00:00,22.847255
07/28  15:00:00,26.058739
07/28  16:00:00,30.318721
07/28  17:00:00,34.875040
07/28  18:00:00,33.687725
07/28  19:00:00,28.673585
07/28  20:00:00,23.422294
07/28  21:00:00,19.786295
07/28  22:00:00,13.678137
07/28  23:00:00,9.644367
07/28  24:00:00,6.982560
07/29  01:00:00,6.025315
07/29  02:00:00,5.788789
07/29  03:00:00,5.671449
07/29  04:00:00,6.180349
07/29  05:00:00,7.711675
07/29  06:00:00,8.768687
07/29  07:00:00,9.008041
07/29  08:00:00,7.368553
07/29  09:00:00,6.639254
07/29  10:00:00,6.873098
07/29  11:00:00,8.555175
07/29  12:00:00,11.298031
07/29  13:00:00,17.218443
07/29  14:00:00,20.840033
07/29  15:00:00,23.807704
07/29  16:00:00,28.572005
07/29  17:00:00,32.800324
07/29  18:00:00,32.901152
07/29  19:00:00,28.967618
07/29  20:00:00,23.657362
07/29  21:00:00,19.284841
07/29  22:00:00,13.041941
07/29  23:00:00,9.525258
07/29  24:00:00,6.975154
07/30  01:00:00,6.007886
07/30  02:00:00,5.786737
07/30  03:00:00,5.671449
07/30  04:00:00,6.180349
07/30  05:00:00,7.711675
07/30  06:00:00,9.201527
07/30  07:00:00,9.208420
07/30  08:00:00,8.033416
07/30  09:00:00,6.827131
07/30  10:00:00,6.908997
07/30  11:00:00,8.221624
07/30  12:00:00,10.491241
07/30  13:00:00,15.858569
07/30  14:00:00,20.851894
07/30  15:00:00,24.370581
07/30  16:00:00,27.952804
07/30  17:00:00,31.661596
07/30  18:00:00,31.881736
07/30  19:00:00,27.458204
07/30  20:00:00,22.846165
07/30  21:00:00,19.206651
07/30  22:00:00,13.984388
07/30  23:00:00,9.426042
07/30  24:00:00,6.852165
07/31  01:00:00,5.958656
07/31  02:00:00,5.786202
07/31  03:00:00,5.671449
07/31  04:00:00,6.180349
07/31  05:00:00,7.711675
07/31  06:00:00,8.735257
07/31  07:00:00,9.008041
07/31  08:00:00,7.367532
07/31  09:00:00,6.596973
07/31  10:00:00,6.589185
07/31  11:00:00,6.705011
07/31  12:00:00,8.508797
07/31  13:00:00,14.625745
07/31  14:00:00,19.891386
07/31  15:00:00,23.024959
07/31  16:00:00,27.121647
07/31  17:00:00,31.235701
07/31  18:00:00,30.380122
07/31  19:00:00,26.434537
07/31  20:00:00,22.647286
07/31  21:00:00,18.957590
07/31  22:00:00,12.750659
07/31  23:00:00,8.993165
07/31  24:00:00,6.636535
08/01  01:00:00,5.923521
08/01  02:00:00,5.791816
08/01  03:00:00,5.675581
08/01  04:00:00,6.187401
08/01  05:00:00,7.724081
08/01  06:00:00,8.761824
08/01  07:00:00,9.059573
08/01  08:00:00,7.449449
08/01  09:00:00,6.697233
08/01  10:00:00,6.689754
08/01  11:00:00,6.739179
08/01  12:00:00,7.946571
08/01  13:00:00,14.443895
08/01  14:00:00,20.353599
08/01  15:00:00,23.788201
08/01  16:00:00,29.253561
08/01  17:00:00,35.280710
08/01  18:00:00,32.390059
08/01  19:00:00,26.678806
08/01  20:00:00,22.006405
08/01  21:00:00,17.523425
08/01  22:00:00,11.967979
08/01  23:00:00,8.266192
08/01  24:00:00,6.327893
08/02  01:00:00,5.898215
08/02  02:00:00,5.791816
08/02  03:00:00,5.675581
08/02  04:00:00,6.187401
08/02  05:00:00,7.724081
08/02  06:00:00,8.761824
08/02  07:00:00,9.059573
08/02  08:00:00,7.449449
08/02  09:00:00,6.697233
08/02  10:00:00,6.689754
08/02  11:00:00,6.624856
08/02  12:00:00,6.575363
08/02  13:00:00,8.370259
08/02  14:00:00,15.380222
08/02  15:00:00,20.271889
08/02  16:00:00,24.922085
08/02  17:00:00,30.558789
08/02  18:00:00,28.134057
08/02  19:00:00,21.960304
08/02  20:00:00,17.601188
08/02  21:00:00,14.987811
08/02  22:00:00,10.816429
08/02  23:00:00,8.124492
08/02  24:00:00,6.311574
08/03  01:00:00,5.889071
08/03  02:00:00,5.786202
08/03  03:00:00,5.671449
08/03  04:00:00,6.180349
08/03  05:00:00,7.711675
08/03  06:00:00,8.822546
08/03  07:00:00,9.034694
08/03  08:00:00,7.665807
08/03  09:00:00,6.668598
08/03  10:00:00,6.764353
08/03  11:00:00,7.104832
08/03  12:00:00,8.224355
08/03  13:00:00,13.637440
08/03  14:00:00,18.873712
08/03  15:00:00,23.302533
08/03  16:00:00,28.023531
08/03  17:00:00,32.324024
08/03  18:00:00,31.827421
08/03  19:00:00,26.233142
08/03  20:00:00,21.522882
08/03  21:00:00,17.714521
08/03  22:00:00,11.768980
08/03  23:00:00,8.464496
08/03  24:00:00,6.368365
08/04  01:00:00,5.889071
08/04  02:00:00,5.786202
08/04  03:00:00,5.671449
08/04  04:00:00,6.180349
08/04  05:00:00,7.711675
08/04  06:00:00,8.795050
08/04  07:00:00,9.010266
08/04  08:00:00,7.691142
08/04  09:00:00,6.694704
08/04  10:00:00,6.603318
08/04  11:00:00,6.919148
08/04  12:00:00,9.024551
08/04  13:00:00,14.751223
08/04  14:00:00,19.651267
08/04  15:00:00,22.339353
08/04  16:00:00,27.222938
08/04  17:00:00,32.352146
08/04  18:00:00,30.917891
08/04  19:00:00,24.198952
08/04  20:00:00,20.239103
08/04  21:00:00,16.247528
08/04  22:00:00,11.863281
08/04  23:00:00,8.454568
08/04  24:00:00,6.358732
08/05  01:00:00,5.889071
08/05  02:00:00,5.786202
08/05  03:00:00,5.671449
08/05  04:00:00,6.180349
08/05  05:00:00,7.711675
08/05  06:00:00,8.750518
08/05  07:00:00,9.008041
08/05  08:00:00,7.367532
08/05  09:00:00,6.596973
08/05  10:00:00,6.620590
08/05  11:00:00,6.797981
08/05  12:00:00,8.719438
08/05  13:00:00,13.979432
08/05  14:00:00,18.401117
08/05  15:00:00,21.622602
08/05  16:00:00,26.490191
08/05  17:00:00,31.039778
08/05  18:00:00,30.980638
08/05  19:00:00,25.316235
08/05  20:00:00,21.397499
08/05  21:00:00,18.837402
08/05  22:00:00,12.828207
08/05  23:00:00,8.888696
08/05  24:00:00,6.448163
08/06  01:00:00,5.889071
08/06  02:00:00,5.786202
08/06  03:00:00,5.671449
08/06  04:00:00,6.180349
08/06  05:00:00,7.711675
08/06  06:00:00,8.819046
08/06  07:00:00,9.008041
08/06  08:00:00,7.398030
08/06  09:00:00,6.640570
08/06  10:00:00,6.812779
08/06  11:00:00,8.237263
08/06  12:00:00,11.011093
08/06  13:00:00,17.052930
08/06  14:00:00,21.049448
08/06  15:00:00,23.588764
08/06  16:00:00,28.627277
08/06  17:00:00,34.755715
08/06  18:00:00,34.657004
08/06  19:00:00,28.953070
08/06  20:00:00,23.414214
08/06  21:00:00,18.773970
08/06  22:00:00,12.681333
08/06  23:00:00,9.227699
08/06  24:00:00,6.656612
08/07  01:00:00,5.910056
08/07  02:00:00,5.786202
08/07  03:00:00,5.671449
08/07  04:00:00,6.180349
08/07  05:00:00,7.711675
08/07  06:00:00,8.751262
08/07  07:00:00,9.008041
08/07  08:00:00,7.401951
08/07  09:00:00,6.725367
08/07  10:00:00,6.888596
08/07  11:00:00,8.047916
08/07  12:00:00,10.312308
08/07  13:00:00,16.753812
08/07  14:00:00,22.127873
08/07  15:00:00,24.707229
08/07  16:00:00,28.824457
08/07  17:00:00,33.119717
08/07  18:00:00,30.915991
08/07  19:00:00,24.002159
08/07  20:00:00,19.272999
08/07  21:00:00,16.053295
08/07  22:00:00,11.952996
08/07  23:00:00,8.402782
08/07  24:00:00,6.357545
08/08  01:00:00,5.898215
08/08  02:00:00,5.791816
08/08  03:00:00,5.675581
08/08  04:00:00,6.187401
08/08  05:00:00,7.724081
08/08  06:00:00,8.761824
08/08  07:00:00,9.059573
08/08  08:00:00,7.449449
08/08  09:00:00,6.697233
08/08  10:00:00,6.832945
08/08  11:00:00,8.860961
08/08  12:00:00,14.192496
08/08  13:00:00,22.276037
08/08  14:00:00,25.609768
08/08  15:00:00,28.651764
08/08  16:00:00,31.195135
08/08  17:00:00,34.497979
08/08  18:00:00,32.304423
08/08  19:00:00,27.663387
08/08  20:00:00,23.811969
08/08  21:00:00,20.150607
08/08  22:00:00,13.196429
08/08  23:00:00,9.159185
08/08  24:00:00,6.678818
08/09  01:00:00,5.902875
08/09  02:00:00,5.791816
08/09  03:00:00,5.675581
08/09  04:00:00,6.187401
08/09  05:00:00,7.724081
08/09  06:00:00,8.761824
08/09  07:00:00,9.062706
08/09  08:00:00,7.952984
08/09  09:00:00,7.037122
08/09  10:00:00,7.085655
08/09  11:00:00,9.180274
08/09  12:00:00,12.438034
08/09  13:00:00,18.361532
08/09  14:00:00,20.781072
08/09  15:00:00,24.194729
08/09  16:00:00,29.267239
08/09  17:00:00,34.048203
08/09  18:00:00,31.834353
08/09  19:00:00,26.749784
08/09  20:00:00,21.617535
08/09  21:00:00,17.186254
08/09  22:00:00,11.417006
08/09  23:00:00,8.436247
08/09  24:00:00,6.356192
08/10  01:00:00,5.889071
08/10  02:00:00,5.786202
08/10  03:00:00,5.671449
08/10  04:00:00,6.180349
08/10  05:00:00,7.711675
08/10  06:00:00,8.742009
08/10  07:00:00,9.008041
08/10  08:00:00,7.492900
08/10  09:00:00,6.636798
08/10  10:00:00,6.743171
08/10  11:00:00,7.393596
08/10  12:00:00,9.428376
08/10  13:00:00,14.469255
08/10  14:00:00,19.022253
08/10  15:00:00,22.020838
08/10  16:00:00,26.552932
08/10  17:00:00,29.774384
08/10  18:00:00,28.624506
08/10  19:00:00,24.358909
08/10  20:00:00,21.842733
08/10  21:00:00,18.351646
08/10  22:00:00,12.206310
08/10  23:00:00,8.827687
08/10  24:00:00,6.454102
08/11  01:00:00,5.889071
08/11  02:00:00,5.786202
08/11  03:00:00,5.671449
08/11  04:00:00,6.180349
08/11  05:00:00,7.711675
08/11  06:00:00,8.790696
08/11  07:00:00,9.008041
08/11  08:00:00,7.779907
08/11  09:00:00,6.832617
08/11  10:00:00,6.638333
08/11  11:00:00,6.887795
08/11  12:00:00,7.940770
08/11  13:00:00,13.914700
08/11  14:00:00,19.719485
08/11  15:00:00,21.918276
08/11  16:00:00,25.818423
08/11  17:00:00,29.817792
08/11  18:00:00,28.335391
08/11  19:00:00,23.803291
08/11  20:00:00,20.804088
08/11  21:00:00,17.110917
08/11  22:00:00,11.451589
08/11  23:00:00,8.376565
08/11  24:00:00,6.322067
08/12  01:00:00,5.889071
08/12  02:00:00,5.786202
08/12  03:00:00,5.671449
08/12  04:00:00,6.180349
08/12  05:00:00,7.711675
08/12  06:00:00,8.735257
08/12  07:00:00,9.008041
08/12  08:00:00,7.367532
08/12  09:00:00,6.596973
08/12  10:00:00,6.589185
08/12  11:00:00,6.531042
08/12  12:00:00,6.491229
08/12  13:00:00,6.677724
08/12  14:00:00,8.520112
08/12  15:00:00,13.629983
08/12  16:00:00,18.928377
08/12  17:00:00,24.307420
08/12  18:00:00,24.693395
08/12  19:00:00,20.192480
08/12  20:00:00,17.640594
08/12  21:00:00,14.692452
08/12  22:00:00,10.344526
08/12  23:00:00,7.980630
08/12  24:00:00,6.307712
08/13  01:00:00,5.889071
08/13  02:00:00,5.786202
08/13  03:00:00,5.671449
08/13  04:00:00,6.180349
08/13  05:00:00,7.711675
08/13  06:00:00,8.735257
08/13  07:00:00,9.008041
08/13  08:00:00,7.367532
08/13  09:00:00,6.596973
08/13  10:00:00,6.589185
08/13  11:00:00,6.531042
08/13  12:00:00,6.491229
08/13  13:00:00,6.606977
08/13  14:00:00,6.950250
08/13  15:00:00,10.669300
08/13  16:00:00,19.500809
08/13  17:00:00,23.910421
08/13  18:00:00,23.830895
08/13  19:00:00,19.725692
08/13  20:00:00,17.155769
08/13  21:00:00,15.206520
08/13  22:00:00,11.528112
08/13  23:00:00,8.165001
08/13  24:00:00,6.311440
08/14  01:00:00,5.889071
08/14  02:00:00,5.786202
08/14  03:00:00,5.671449
08/14  04:00:00,6.180349
08/14  05:00:00,7.711675
08/14  06:00:00,8.735257
08/14  07:00:00,9.008041
08/14  08:00:00,7.367532
08/14  09:00:00,6.596973
08/14  10:00:00,6.589185
08/14  11:00:00,6.531042
08/14  12:00:00,6.491229
08/14  13:00:00,6.606977
08/14  14:00:00,6.713226
08/14  15:00:00,7.386514
08/14  16:00:00,11.521463
08/14  17:00:00,18.678507
08/14  18:00:00,21.190361
08/14  19:00:00,18.711494
08/14  20:00:00,16.238555
08/14  21:00:00,13.677474
08/14  22:00:00,10.126552
08/14  23:00:00,7.853467
08/14  24:00:00,6.322674
08/15  01:00:00,5.898215
08/15  02:00:00,5.791816
08/15  03:00:00,5.675581
08/15  04:00:00,6.187401
08/15  05:00:00,7.724081
08/15  06:00:00,8.761824
08/15  07:00:00,9.059573
08/15  08:00:00,7.449449
08/15  09:00:00,6.697233
08/15  10:00:00,6.689754
08/15  11:00:00,6.624856
08/15  12:00:00,6.575363
08/15  13:00:00,6.685880
08/15  14:00:00,6.825493
08/15  15:00:00,8.780973
08/15  16:00:00,15.474254
08/15  17:00:00,23.064990
08/15  18:00:00,22.177745
08/15  19:00:00,18.845004
08/15  20:00:00,17.218822
08/15  21:00:00,14.481408
08/15  22:00:00,10.265778
08/15  23:00:00,7.902758
08/15  24:00:00,6.322674
08/16  01:00:00,5.898215
08/16  02:00:00,5.791816
08/16  03:00:00,5.675581
08/16  04:00:00,6.187401
08/16  05:00:00,7.724081
08/16  06:00:00,8.761824
08/16  07:00:00,9.059573
08/16  08:00:00,7.449449
08/16  09:00:00,6.697233
08/16  10:00:00,6.689754
08/16  11:00:00,6.624856
08/16  12:00:00,6.575363
08/16  13:00:00,6.971126
08/16  14:00:00,10.970829
08/16  15:00:00,17.592934
08/16  16:00:00,23.953936
08/16  17:00:00,30.219704
08/16  18:00:00,29.473801
08/16  19:00:00,24.180524
08/16  20:00:00,19.734454
08/16  21:00:00,15.681058
08/16  22:00:00,11.334015
08/16  23:00:00,8.086066
08/16  24:00:00,6.307712
08/17  01:00:00,5.889071
08/17  02:00:00,5.786202
08/17  03:00:00,5.671449
08/17  04:00:00,6.180349
08/17  05:00:00,7.711675
08/17  06:00:00,8.735257
08/17  07:00:00,9.008041
08/17  08:00:00,7.367532
08/17  09:00:00,6.596973
08/17  10:00:00,6.589185
08/17  11:00:00,6.531042
08/17  12:00:00,6.491229
08/17  13:00:00,6.964792
08/17  14:00:00,10.795468
08/17  15:00:00,16.921555
08/17  16:00:00,24.479291
08/17  17:00:00,30.766285
08/17  18:00:00,30.744689
08/17  19:00:00,24.435239
08/17  20:00:00,19.226336
08/17  21:00:00,15.695708
08/17  22:00:00,10.815458
08/17  23:00:00,8.016601
08/17  24:00:00,6.307712
08/18  01:00:00,5.889071
08/18  02:00:00,5.786202
08/18  03:00:00,5.671449
08/18  04:00:00,6.180349
08/18  05:00:00,7.711675
08/18  06:00:00,8.735257
08/18  07:00:00,9.008041
08/18  08:00:00,7.367532
08/18  09:00:00,6.596973
08/18  10:00:00,6.589185
08/18  11:00:00,6.531042
08/18  12:00:00,6.491229
08/18  13:00:00,7.630014
08/18  14:00:00,11.779694
08/18  15:00:00,17.416632
08/18  16:00:00,23.893119
08/18  17:00:00,28.949721
08/18  18:00:00,28.502934
08/18  19:00:00,23.187254
08/18  20:00:00,19.300260
08/18  21:00:00,15.356687
08/18  22:00:00,11.007821
08/18  23:00:00,8.085672
08/18  24:00:00,6.308712
08/19  01:00:00,5.889071
08/19  02:00:00,5.786202
08/19  03:00:00,5.671449
08/19  04:00:00,6.180349
08/19  05:00:00,7.711675
08/19  06:00:00,8.735257
08/19  07:00:00,9.008041
08/19  08:00:00,7.367532
08/19  09:00:00,6.596973
08/19  10:00:00,6.589185
08/19  11:00:00,6.531042
08/19  12:00:00,6.522853
08/19  13:00:00,9.032584
08/19  14:00:00,13.983067
08/19  15:00:00,19.553022
08/19  16:00:00,25.501975
08/19  17:00:00,31.017607
08/19  18:00:00,30.612479
08/19  19:00:00,23.324763
08/19  20:00:00,18.718932
08/19  21:00:00,15.611392
08/19  22:00:00,11.698158
08/19  23:00:00,8.156952
08/19  24:00:00,6.307712
08/20  01:00:00,5.889071
08/20  02:00:00,5.786202
08/20  03:00:00,5.671449
08/20  04:00:00,6.180349
08/20  05:00:00,7.711675
08/20  06:00:00,8.735257
08/20  07:00:00,9.008041
08/20  08:00:00,7.367532
08/20  09:00:00,6.596973
08/20  10:00:00,6.589185
08/20  11:00:00,6.531042
08/20  12:00:00,6.928484
08/20  13:00:00,11.137624
08/20  14:00:00,17.612954
08/20  15:00:00,23.214370
08/20  16:00:00,30.148052
08/20  17:00:00,34.126178
08/20  18:00:00,32.962289
08/20  19:00:00,25.964527
08/20  20:00:00,20.985628
08/20  21:00:00,17.333899
08/20  22:00:00,11.830157
08/20  23:00:00,8.329051
08/20  24:00:00,6.313078
08/21  01:00:00,5.889071
08/21  02:00:00,5.786202
08/21  03:00:00,5.671449
08/21  04:00:00,6.180349
08/21  05:00:00,7.711675
08/21  06:00:00,8.735257
08/21  07:00:00,9.008041
08/21  08:00:00,7.367532
08/21  09:00:00,6.596973
08/21  10:00:00,6.589185
08/21  11:00:00,6.531042
08/21  12:00:00,6.491229
08/21  13:00:00,7.415302
08/21  14:00:00,12.253369
08/21  15:00:00,19.447338
08/21  16:00:00,27.828050
08/21  17:00:00,34.003241
08/21  18:00:00,32.970510
08/21  19:00:00,26.306834
08/21  20:00:00,21.382476
08/21  21:00:00,16.684640
08/21  22:00:00,11.978203
08/21  23:00:00,8.308306
08/21  24:00:00,6.326360
08/22  01:00:00,5.898215
08/22  02:00:00,5.791816
08/22  03:00:00,5.675581
08/22  04:00:00,6.187401
08/22  05:00:00,7.724081
08/22  06:00:00,8.761824
08/22  07:00:00,9.059573
08/22  08:00:00,7.449449
08/22  09:00:00,6.697233
08/22  10:00:00,6.689754
08/22  11:00:00,6.641623
08/22  12:00:00,7.600357
08/22  13:00:00,12.605273
08/22  14:00:00,18.026923
08/22  15:00:00,22.849727
08/22  16:00:00,29.752088
08/22  17:00:00,35.963640
08/22  18:00:00,32.644336
08/22  19:00:00,25.492309
08/22  20:00:00,21.129070
08/22  21:00:00,16.785693
08/22  22:00:00,11.281499
08/22  23:00:00,8.325551
08/22  24:00:00,6.325536
08/23  01:00:00,5.898215
08/23  02:00:00,5.791816
08/23  03:00:00,5.675581
08/23  04:00:00,6.187401
08/23  05:00:00,7.724081
08/23  06:00:00,8.761824
08/23  07:00:00,9.059573
08/23  08:00:00,7.449449
08/23  09:00:00,6.697233
08/23  10:00:00,6.689754
08/23  11:00:00,6.624856
08/23  12:00:00,6.961824
08/23  13:00:00,10.483474
08/23  14:00:00,15.244437
08/23  15:00:00,18.154827
08/23  16:00:00,22.771802
08/23  17:00:00,29.020075
08/23  18:00:00,27.151936
08/23  19:00:00,21.014554
08/23  20:00:00,18.037020
08/23  21:00:00,15.853537
08/23  22:00:00,11.114421
08/23  23:00:00,7.954184
08/23  24:00:00,6.307712
08/24  01:00:00,5.889071
08/24  02:00:00,5.786202
08/24  03:00:00,5.671449
08/24  04:00:00,6.180349
08/24  05:00:00,7.711675
08/24  06:00:00,8.747097
08/24  07:00:00,9.017022
08/24  08:00:00,7.623805
08/24  09:00:00,6.625839
08/24  10:00:00,6.589185
08/24  11:00:00,6.719015
08/24  12:00:00,7.303999
08/24  13:00:00,11.904356
08/24  14:00:00,17.665811
08/24  15:00:00,21.540538
08/24  16:00:00,26.929950
08/24  17:00:00,33.099390
08/24  18:00:00,33.072079
08/24  19:00:00,26.779480
08/24  20:00:00,21.954047
08/24  21:00:00,18.175395
08/24  22:00:00,12.954388
08/24  23:00:00,9.005351
08/24  24:00:00,6.544454
08/25  01:00:00,5.892289
08/25  02:00:00,5.786202
08/25  03:00:00,5.671449
08/25  04:00:00,6.180349
08/25  05:00:00,7.711675
08/25  06:00:00,8.768683
08/25  07:00:00,9.094867
08/25  08:00:00,8.223025
08/25  09:00:00,7.215282
08/25  10:00:00,7.645351
08/25  11:00:00,11.220265
08/25  12:00:00,16.871860
08/25  13:00:00,24.380706
08/25  14:00:00,29.137159
08/25  15:00:00,33.267706
08/25  16:00:00,37.913844
08/25  17:00:00,40.288817
08/25  18:00:00,37.132114
08/25  19:00:00,30.088961
08/25  20:00:00,26.110698
08/25  21:00:00,22.044684
08/25  22:00:00,15.881600
08/25  23:00:00,10.876851
08/25  24:00:00,8.081106
08/26  01:00:00,6.468517
08/26  02:00:00,5.835703
08/26  03:00:00,5.671449
08/26  04:00:00,6.180349
08/26  05:00:00,7.711675
08/26  06:00:00,9.121710
08/26  07:00:00,9.524748
08/26  08:00:00,8.657757
08/26  09:00:00,7.442013
08/26  10:00:00,8.305786
08/26  11:00:00,11.705356
08/26  12:00:00,16.536513
08/26  13:00:00,23.384373
08/26  14:00:00,27.669309
08/26  15:00:00,31.789651
08/26  16:00:00,37.062783
08/26  17:00:00,40.023634
08/26  18:00:00,37.304691
08/26  19:00:00,31.071736
08/26  20:00:00,27.144951
08/26  21:00:00,22.783290
08/26  22:00:00,16.484255
08/26  23:00:00,10.965574
08/26  24:00:00,8.081471
08/27  01:00:00,6.801143
08/27  02:00:00,5.972109
08/27  03:00:00,5.671449
08/27  04:00:00,6.180349
08/27  05:00:00,7.711675
08/27  06:00:00,9.090667
08/27  07:00:00,9.548850
08/27  08:00:00,8.811497
08/27  09:00:00,7.833541
08/27  10:00:00,9.886470
08/27  11:00:00,14.284062
08/27  12:00:00,18.323150
08/27  13:00:00,25.811322
08/27  14:00:00,30.402394
08/27  15:00:00,33.696818
08/27  16:00:00,38.516633
08/27  17:00:00,41.503937
08/27  18:00:00,37.953517
08/27  19:00:00,31.066793
08/27  20:00:00,27.078339
08/27  21:00:00,22.644531
08/27  22:00:00,15.957122
08/27  23:00:00,10.815271
08/27  24:00:00,7.869048
08/28  01:00:00,6.368506
08/28  02:00:00,5.835338
08/28  03:00:00,5.671449
08/28  04:00:00,6.180349
08/28  05:00:00,7.711675
08/28  06:00:00,8.984638
08/28  07:00:00,9.247207
08/28  08:00:00,8.271893
08/28  09:00:00,7.327668
08/28  10:00:00,7.841079
08/28  11:00:00,11.213590
08/28  12:00:00,16.031322
08/28  13:00:00,23.565565
08/28  14:00:00,27.511796
08/28  15:00:00,30.201696
08/28  16:00:00,35.861056
08/28  17:00:00,40.546651
08/28  18:00:00,37.977336
08/28  19:00:00,30.535408
08/28  20:00:00,26.524593
08/28  21:00:00,22.381217
08/28  22:00:00,15.951670
08/28  23:00:00,10.333961
08/28  24:00:00,7.323668
08/29  01:00:00,6.073214
08/29  02:00:00,5.791816
08/29  03:00:00,5.675581
08/29  04:00:00,6.187401
08/29  05:00:00,7.724081
08/29  06:00:00,8.799366
08/29  07:00:00,9.362181
08/29  08:00:00,8.706654
08/29  09:00:00,7.453515
08/29  10:00:00,7.481349
08/29  11:00:00,9.981813
08/29  12:00:00,13.672794
08/29  13:00:00,18.881112
08/29  14:00:00,21.717964
08/29  15:00:00,25.856963
08/29  16:00:00,32.279000
08/29  17:00:00,37.676955
08/29  18:00:00,33.835988
08/29  19:00:00,27.564754
08/29  20:00:00,23.147815
08/29  21:00:00,18.415087
08/29  22:00:00,12.475326
08/29  23:00:00,9.258296
08/29  24:00:00,6.720323
08/30  01:00:00,5.914306
08/30  02:00:00,5.791816
08/30  03:00:00,5.675581
08/30  04:00:00,6.187401
08/30  05:00:00,7.724081
08/30  06:00:00,8.770968
08/30  07:00:00,9.196905
08/30  08:00:00,8.351721
08/30  09:00:00,7.367044
08/30  10:00:00,7.134746
08/30  11:00:00,8.418547
08/30  12:00:00,11.473949
08/30  13:00:00,18.564273
08/30  14:00:00,21.721043
08/30  15:00:00,24.272339
08/30  16:00:00,30.005948
08/30  17:00:00,35.366171
08/30  18:00:00,31.056653
08/30  19:00:00,24.100061
08/30  20:00:00,21.042329
08/30  21:00:00,17.452133
08/30  22:00:00,12.041330
08/30  23:00:00,8.575323
08/30  24:00:00,6.345719
08/31  01:00:00,5.889071
08/31  02:00:00,5.786202
08/31  03:00:00,5.671449
08/31  04:00:00,6.180349
08/31  05:00:00,7.711675
08/31  06:00:00,8.735257
08/31  07:00:00,9.008041
08/31  08:00:00,7.367532
08/31  09:00:00,6.596973
08/31  10:00:00,6.595055
08/31  11:00:00,6.654280
08/31  12:00:00,7.500289
08/31  13:00:00,12.220347
08/31  14:00:00,16.459952
08/31  15:00:00,20.361610
08/31  16:00:00,25.457913
08/31  17:00:00,27.898676
08/31  18:00:00,26.121860
08/31  19:00:00,20.970664
08/31  20:00:00,18.406126
08/31  21:00:00,15.908084
08/31  22:00:00,11.293034
08/31  23:00:00,8.211371
08/31  24:00:00,6.325988
09/01  01:00:00,5.889071
09/01  02:00:00,5.786202
09/01  03:00:00,5.671449
09/01  04:00:00,6.180349
09/01  05:00:00,7.711675
09/01  06:00:00,8.735257
09/01  07:00:00,9.008041
09/01  08:00:00,7.367532
09/01  09:00:00,6.596973
09/01  10:00:00,6.589185
09/01  11:00:00,6.531042
09/01  12:00:00,7.088928
09/01  13:00:00,11.689650
09/01  14:00:00,17.320009
09/01  15:00:00,20.998832
09/01  16:00:00,27.376298
09/01  17:00:00,31.884512
09/01  18:00:00,30.159588
09/01  19:00:00,23.674569
09/01  20:00:00,20.202222
09/01  21:00:00,17.135157
09/01  22:00:00,12.823930
09/01  23:00:00,8.979074
09/01  24:00:00,6.597347
09/02  01:00:00,5.897127
09/02  02:00:00,5.786202
09/02  03:00:00,5.671449
09/02  04:00:00,6.180349
09/02  05:00:00,7.711675
09/02  06:00:00,8.735257
09/02  07:00:00,9.008041
09/02  08:00:00,7.367532
09/02  09:00:00,6.596973
09/02  10:00:00,6.589185
09/02  11:00:00,6.552734
09/02  12:00:00,6.784172
09/02  13:00:00,9.937003
09/02  14:00:00,16.284776
09/02  15:00:00,20.105747
09/02  16:00:00,25.598916
09/02  17:00:00,29.170741
09/02  18:00:00,27.722717
09/02  19:00:00,22.895440
09/02  20:00:00,20.480362
09/02  21:00:00,16.793381
09/02  22:00:00,11.505795
09/02  23:00:00,8.586513
09/02  24:00:00,6.448088
09/03  01:00:00,5.889883
09/03  02:00:00,5.786202
09/03  03:00:00,5.671449
09/03  04:00:00,6.180349
09/03  05:00:00,7.711675
09/03  06:00:00,8.735257
09/03  07:00:00,9.008041
09/03  08:00:00,7.367532
09/03  09:00:00,6.596973
09/03  10:00:00,6.589185
09/03  11:00:00,6.531042
09/03  12:00:00,6.491229
09/03  13:00:00,7.462383
09/03  14:00:00,10.763113
09/03  15:00:00,14.920320
09/03  16:00:00,20.863488
09/03  17:00:00,24.901499
09/03  18:00:00,24.252095
09/03  19:00:00,20.104671
09/03  20:00:00,19.328861
09/03  21:00:00,17.118694
09/03  22:00:00,11.779991
09/03  23:00:00,8.303627
09/03  24:00:00,6.340256
09/04  01:00:00,5.889071
09/04  02:00:00,5.786202
09/04  03:00:00,5.671449
09/04  04:00:00,6.180349
09/04  05:00:00,7.711675
09/04  06:00:00,8.735257
09/04  07:00:00,9.008041
09/04  08:00:00,7.367532
09/04  09:00:00,6.596973
09/04  10:00:00,6.589185
09/04  11:00:00,6.531042
09/04  12:00:00,6.543603
09/04  13:00:00,8.118968
09/04  14:00:00,12.979438
09/04  15:00:00,16.673313
09/04  16:00:00,21.646731
09/04  17:00:00,24.696429
09/04  18:00:00,24.818926
09/04  19:00:00,21.932458
09/04  20:00:00,19.642889
09/04  21:00:00,15.584627
09/04  22:00:00,10.828241
09/04  23:00:00,8.018163
09/04  24:00:00,6.322674
09/05  01:00:00,5.898215
09/05  02:00:00,5.791816
09/05  03:00:00,5.675581
09/05  04:00:00,6.187401
09/05  05:00:00,7.724081
09/05  06:00:00,8.761824
09/05  07:00:00,9.059573
09/05  08:00:00,7.449449
09/05  09:00:00,6.697233
09/05  10:00:00,6.689754
09/05  11:00:00,6.670363
09/05  12:00:00,6.739330
09/05  13:00:00,8.930692
09/05  14:00:00,14.458483
09/05  15:00:00,18.897964
09/05  16:00:00,24.486749
09/05  17:00:00,28.727272
09/05  18:00:00,25.829873
09/05  19:00:00,21.548790
09/05  20:00:00,18.510434
09/05  21:00:00,15.366384
09/05  22:00:00,10.716555
09/05  23:00:00,8.038958
09/05  24:00:00,6.322674
09/06  01:00:00,5.898215
09/06  02:00:00,5.791816
09/06  03:00:00,5.675581
09/06  04:00:00,6.187401
09/06  05:00:00,7.724081
09/06  06:00:00,8.761824
09/06  07:00:00,9.059573
09/06  08:00:00,7.449449
09/06  09:00:00,6.697233
09/06  10:00:00,6.710244
09/06  11:00:00,6.896252
09/06  12:00:00,8.954327
09/06  13:00:00,14.971034
09/06  14:00:00,20.104843
09/06  15:00:00,24.035064
09/06  16:00:00,29.364934
09/06  17:00:00,33.556058
09/06  18:00:00,29.479850
09/06  19:00:00,23.695529
09/06  20:00:00,20.878147
09/06  21:00:00,17.207097
09/06  22:00:00,12.150040
09/06  23:00:00,8.486713
09/06  24:00:00,6.378101
09/07  01:00:00,5.898215
09/07  02:00:00,5.791816
09/07  03:00:00,5.675581
09/07  04:00:00,6.187401
09/07  05:00:00,7.724081
09/07  06:00:00,8.761824
09/07  07:00:00,9.062679
09/07  08:00:00,7.706871
09/07  09:00:00,6.757866
09/07  10:00:00,6.738086
09/07  11:00:00,6.855160
09/07  12:00:00,7.433141
09/07  13:00:00,12.653140
09/07  14:00:00,16.817656
09/07  15:00:00,19.382209
09/07  16:00:00,25.735698
09/07  17:00:00,30.038842
09/07  18:00:00,25.791745
09/07  19:00:00,21.474119
09/07  20:00:00,19.331359
09/07  21:00:00,16.461067
09/07  22:00:00,11.465825
09/07  23:00:00,8.491508
09/07  24:00:00,6.398243
09/08  01:00:00,5.889071
09/08  02:00:00,5.786202
09/08  03:00:00,5.671449
09/08  04:00:00,6.180349
09/08  05:00:00,7.711675
09/08  06:00:00,8.735257
09/08  07:00:00,9.008041
09/08  08:00:00,7.367532
09/08  09:00:00,6.596973
09/08  10:00:00,6.589185
09/08  11:00:00,6.622733
09/08  12:00:00,7.842416
09/08  13:00:00,12.212546
09/08  14:00:00,16.276938
09/08  15:00:00,20.247863
09/08  16:00:00,27.097110
09/08  17:00:00,30.522539
09/08  18:00:00,27.847120
09/08  19:00:00,22.093387
09/08  20:00:00,19.589546
09/08  21:00:00,16.235158
09/08  22:00:00,11.651821
09/08  23:00:00,8.248254
09/08  24:00:00,6.318826
09/09  01:00:00,5.889071
09/09  02:00:00,5.786202
09/09  03:00:00,5.671449
09/09  04:00:00,6.180349
09/09  05:00:00,7.711675
09/09  06:00:00,8.735257
09/09  07:00:00,9.008041
09/09  08:00:00,7.367532
09/09  09:00:00,6.596973
09/09  10:00:00,6.589185
09/09  11:00:00,6.583284
09/09  12:00:00,7.863357
09/09  13:00:00,13.663608
09/09  14:00:00,19.386148
09/09  15:00:00,22.910227
09/09  16:00:00,27.948413
09/09  17:00:00,31.213390
09/09  18:00:00,28.695274
09/09  19:00:00,23.062491
09/09  20:00:00,20.564690
09/09  21:00:00,17.051916
09/09  22:00:00,12.089147
09/09  23:00:00,8.441005
09/09  24:00:00,6.338551
09/10  01:00:00,5.889071
09/10  02:00:00,5.786202
09/10  03:00:00,5.671449
09/10  04:00:00,6.180349
09/10  05:00:00,7.711675
09/10  06:00:00,8.735257
09/10  07:00:00,9.013968
09/10  08:00:00,7.840038
09/10  09:00:00,6.904706
09/10  10:00:00,6.663830
09/10  11:00:00,7.000073
09/10  12:00:00,9.540069
09/10  13:00:00,17.012757
09/10  14:00:00,22.814890
09/10  15:00:00,26.394119
09/10  16:00:00,31.135408
09/10  17:00:00,34.450330
09/10  18:00:00,31.540913
09/10  19:00:00,25.497452
09/10  20:00:00,22.204134
09/10  21:00:00,18.277375
09/10  22:00:00,12.539182
09/10  23:00:00,8.709402
09/10  24:00:00,6.429610
09/11  01:00:00,5.889071
09/11  02:00:00,5.786202
09/11  03:00:00,5.671449
09/11  04:00:00,6.180349
09/11  05:00:00,7.711675
09/11  06:00:00,8.738391
09/11  07:00:00,9.008041
09/11  08:00:00,7.536971
09/11  09:00:00,6.679155
09/11  10:00:00,6.634998
09/11  11:00:00,6.988230
09/11  12:00:00,8.470110
09/11  13:00:00,13.472383
09/11  14:00:00,18.967478
09/11  15:00:00,22.551360
09/11  16:00:00,28.202196
09/11  17:00:00,31.628366
09/11  18:00:00,29.155084
09/11  19:00:00,22.839410
09/11  20:00:00,19.838555
09/11  21:00:00,16.121594
09/11  22:00:00,11.537180
09/11  23:00:00,8.165024
09/11  24:00:00,6.328314
09/12  01:00:00,5.898215
09/12  02:00:00,5.791816
09/12  03:00:00,5.675581
09/12  04:00:00,6.187401
09/12  05:00:00,7.724081
09/12  06:00:00,8.761824
09/12  07:00:00,9.059573
09/12  08:00:00,7.449449
09/12  09:00:00,6.697233
09/12  10:00:00,6.689754
09/12  11:00:00,6.624856
09/12  12:00:00,6.575363
09/12  13:00:00,7.033879
09/12  14:00:00,7.826903
09/12  15:00:00,10.339301
09/12  16:00:00,13.828188
09/12  17:00:00,17.629171
09/12  18:00:00,17.691739
09/12  19:00:00,17.115626
09/12  20:00:00,15.999493
09/12  21:00:00,13.637851
09/12  22:00:00,10.130931
09/12  23:00:00,7.877341
09/12  24:00:00,6.322674
09/13  01:00:00,5.898215
09/13  02:00:00,5.791816
09/13  03:00:00,5.675581
09/13  04:00:00,6.187401
09/13  05:00:00,7.724081
09/13  06:00:00,8.761824
09/13  07:00:00,9.059573
09/13  08:00:00,7.449449
09/13  09:00:00,6.697233
09/13  10:00:00,6.689754
09/13  11:00:00,6.624856
09/13  12:00:00,6.575363
09/13  13:00:00,6.685880
09/13  14:00:00,6.782019
09/13  15:00:00,7.446404
09/13  16:00:00,10.658110
09/13  17:00:00,17.730420
09/13  18:00:00,18.192985
09/13  19:00:00,16.018611
09/13  20:00:00,15.060980
09/13  21:00:00,13.068639
09/13  22:00:00,10.115795
09/13  23:00:00,7.877341
09/13  24:00:00,6.307712
09/14  01:00:00,5.889071
09/14  02:00:00,5.786202
09/14  03:00:00,5.671449
09/14  04:00:00,6.180349
09/14  05:00:00,7.711675
09/14  06:00:00,8.735257
09/14  07:00:00,9.008041
09/14  08:00:00,7.367532
09/14  09:00:00,6.596973
09/14  10:00:00,6.589185
09/14  11:00:00,6.531042
09/14  12:00:00,6.499370
09/14  13:00:00,7.353111
09/14  14:00:00,11.415774
09/14  15:00:00,16.679212
09/14  16:00:00,22.649292
09/14  17:00:00,26.433293
09/14  18:00:00,24.018641
09/14  19:00:00,19.977623
09/14  20:00:00,18.340269
09/14  21:00:00,15.817206
09/14  22:00:00,11.417937
09/14  23:00:00,7.929519
09/14  24:00:00,6.307712
09/15  01:00:00,5.889071
09/15  02:00:00,5.786202
09/15  03:00:00,5.671449
09/15  04:00:00,6.180349
09/15  05:00:00,7.711675
09/15  06:00:00,8.735257
09/15  07:00:00,9.008041
09/15  08:00:00,7.399749
09/15  09:00:00,6.629755
09/15  10:00:00,6.594867
09/15  11:00:00,6.716081
09/15  12:00:00,7.415497
09/15  13:00:00,10.753844
09/15  14:00:00,14.548851
09/15  15:00:00,18.856461
09/15  16:00:00,24.465889
09/15  17:00:00,27.665246
09/15  18:00:00,25.274484
09/15  19:00:00,21.168030
09/15  20:00:00,19.769178
09/15  21:00:00,17.236590
09/15  22:00:00,11.919475
09/15  23:00:00,8.156453
09/15  24:00:00,6.308797
09/16  01:00:00,5.889071
09/16  02:00:00,5.786202
09/16  03:00:00,5.671449
09/16  04:00:00,6.180349
09/16  05:00:00,7.711675
09/16  06:00:00,8.735257
09/16  07:00:00,9.008041
09/16  08:00:00,7.534306
09/16  09:00:00,6.705986
09/16  10:00:00,6.613736
09/16  11:00:00,6.749781
09/16  12:00:00,7.409964
09/16  13:00:00,11.856910
09/16  14:00:00,16.170246
09/16  15:00:00,19.736760
09/16  16:00:00,25.737171
09/16  17:00:00,30.271902
09/16  18:00:00,28.812117
09/16  19:00:00,23.588582
09/16  20:00:00,20.916727
09/16  21:00:00,17.429728
09/16  22:00:00,11.867755
09/16  23:00:00,8.216018
09/16  24:00:00,6.312620
09/17  01:00:00,5.889071
09/17  02:00:00,5.786202
09/17  03:00:00,5.671449
09/17  04:00:00,6.180349
09/17  05:00:00,7.711675
09/17  06:00:00,8.735257
09/17  07:00:00,9.008041
09/17  08:00:00,7.414705
09/17  09:00:00,6.642668
09/17  10:00:00,6.589428
09/17  11:00:00,6.687558
09/17  12:00:00,7.673001
09/17  13:00:00,11.960439
09/17  14:00:00,17.316130
09/17  15:00:00,22.936034
09/17  16:00:00,29.697450
09/17  17:00:00,32.796869
09/17  18:00:00,30.056826
09/17  19:00:00,25.255181
09/17  20:00:00,22.345299
09/17  21:00:00,17.976157
09/17  22:00:00,12.310445
09/17  23:00:00,8.610466
09/17  24:00:00,6.389092
09/18  01:00:00,5.889071
09/18  02:00:00,5.786202
09/18  03:00:00,5.671449
09/18  04:00:00,6.180349
09/18  05:00:00,7.711675
09/18  06:00:00,8.735257
09/18  07:00:00,9.013660
09/18  08:00:00,7.641916
09/18  09:00:00,6.727639
09/18  10:00:00,6.637855
09/18  11:00:00,7.240497
09/18  12:00:00,9.364855
09/18  13:00:00,15.199768
09/18  14:00:00,20.935385
09/18  15:00:00,24.933851
09/18  16:00:00,30.589253
09/18  17:00:00,32.755580
09/18  18:00:00,27.240085
09/18  19:00:00,21.811363
09/18  20:00:00,20.986706
09/18  21:00:00,17.440432
09/18  22:00:00,11.831089
09/18  23:00:00,8.261957
09/18  24:00:00,6.337273
09/19  01:00:00,5.898215
09/19  02:00:00,5.791816
09/19  03:00:00,5.675581
09/19  04:00:00,6.187401
09/19  05:00:00,7.724081
09/19  06:00:00,8.761824
09/19  07:00:00,9.059573
09/19  08:00:00,7.449449
09/19  09:00:00,6.697233
09/19  10:00:00,6.722597
09/19  11:00:00,8.653566
09/19  12:00:00,12.363023
09/19  13:00:00,14.675730
09/19  14:00:00,17.062108
09/19  15:00:00,19.394213
09/19  16:00:00,21.577998
09/19  17:00:00,28.127737
09/19  18:00:00,26.019430
09/19  19:00:00,23.421815
09/19  20:00:00,21.810095
09/19  21:00:00,18.851991
09/19  22:00:00,13.677157
09/19  23:00:00,9.007833
09/19  24:00:00,6.680146
09/20  01:00:00,5.912924
09/20  02:00:00,5.791816
09/20  03:00:00,5.675581
09/20  04:00:00,6.187401
09/20  05:00:00,7.724081
09/20  06:00:00,8.761824
09/20  07:00:00,9.059573
09/20  08:00:00,7.825064
09/20  09:00:00,7.579350
09/20  10:00:00,8.564129
09/20  11:00:00,10.924318
09/20  12:00:00,11.894358
09/20  13:00:00,15.136775
09/20  14:00:00,18.015757
09/20  15:00:00,20.220489
09/20  16:00:00,25.371194
09/20  17:00:00,32.153232
09/20  18:00:00,27.857783
09/20  19:00:00,24.872672
09/20  20:00:00,23.106341
09/20  21:00:00,18.908704
09/20  22:00:00,13.611812
09/20  23:00:00,10.014806
09/20  24:00:00,7.318143
09/21  01:00:00,6.188004
09/21  02:00:00,5.835366
09/21  03:00:00,5.671449
09/21  04:00:00,6.180349
09/21  05:00:00,7.711675
09/21  06:00:00,9.041066
09/21  07:00:00,9.008041
09/21  08:00:00,7.715383
09/21  09:00:00,7.194316
09/21  10:00:00,7.735491
09/21  11:00:00,10.533731
09/21  12:00:00,13.353030
09/21  13:00:00,19.391410
09/21  14:00:00,23.547829
09/21  15:00:00,27.377290
09/21  16:00:00,32.163441
09/21  17:00:00,34.392669
09/21  18:00:00,30.706010
09/21  19:00:00,26.417564
09/21  20:00:00,23.669865
09/21  21:00:00,19.088537
09/21  22:00:00,12.197013
09/21  23:00:00,8.889986
09/21  24:00:00,6.570691
09/22  01:00:00,5.902648
09/22  02:00:00,5.786202
09/22  03:00:00,5.671449
09/22  04:00:00,6.180349
09/22  05:00:00,7.711675
09/22  06:00:00,8.735257
09/22  07:00:00,9.008041
09/22  08:00:00,7.367532
09/22  09:00:00,6.596973
09/22  10:00:00,6.589185
09/22  11:00:00,6.531042
09/22  12:00:00,6.499852
09/22  13:00:00,7.165458
09/22  14:00:00,11.269989
09/22  15:00:00,16.863336
09/22  16:00:00,23.692376
09/22  17:00:00,26.575082
09/22  18:00:00,21.884333
09/22  19:00:00,18.511362
09/22  20:00:00,17.377208
09/22  21:00:00,14.880785
09/22  22:00:00,10.425182
09/22  23:00:00,7.919463
09/22  24:00:00,6.307712
09/23  01:00:00,5.889071
09/23  02:00:00,5.786202
09/23  03:00:00,5.671449
09/23  04:00:00,6.180349
09/23  05:00:00,7.711675
09/23  06:00:00,8.735257
09/23  07:00:00,9.008041
09/23  08:00:00,7.367532
09/23  09:00:00,6.596973
09/23  10:00:00,6.589185
09/23  11:00:00,6.531042
09/23  12:00:00,6.605875
09/23  13:00:00,9.084967
09/23  14:00:00,13.900590
09/23  15:00:00,18.783577
09/23  16:00:00,24.742540
09/23  17:00:00,28.226672
09/23  18:00:00,25.937390
09/23  19:00:00,22.605532
09/23  20:00:00,20.845273
09/23  21:00:00,17.268905
09/23  22:00:00,11.556828
09/23  23:00:00,7.955095
09/23  24:00:00,6.307712
09/24  01:00:00,5.889071
09/24  02:00:00,5.786202
09/24  03:00:00,5.671449
09/24  04:00:00,6.180349
09/24  05:00:00,7.711675
09/24  06:00:00,8.735257
09/24  07:00:00,9.008041
09/24  08:00:00,7.439849
09/24  09:00:00,6.780654
09/24  10:00:00,6.688384
09/24  11:00:00,7.361958
09/24  12:00:00,10.305457
09/24  13:00:00,17.974991
09/24  14:00:00,22.378366
09/24  15:00:00,26.798547
09/24  16:00:00,33.436951
09/24  17:00:00,35.376471
09/24  18:00:00,30.935907
09/24  19:00:00,26.116560
09/24  20:00:00,23.077829
09/24  21:00:00,19.064646
09/24  22:00:00,13.080753
09/24  23:00:00,8.665044
09/24  24:00:00,6.417271
09/25  01:00:00,5.889071
09/25  02:00:00,5.786202
09/25  03:00:00,5.671449
09/25  04:00:00,6.180349
09/25  05:00:00,7.711675
09/25  06:00:00,8.735257
09/25  07:00:00,9.008041
09/25  08:00:00,7.821947
09/25  09:00:00,7.202610
09/25  10:00:00,7.170949
09/25  11:00:00,9.866466
09/25  12:00:00,16.987863
09/25  13:00:00,27.122249
09/25  14:00:00,33.666185
09/25  15:00:00,38.453160
09/25  16:00:00,42.751861
09/25  17:00:00,43.180124
09/25  18:00:00,36.158187
09/25  19:00:00,30.105278
09/25  20:00:00,26.346145
09/25  21:00:00,21.678789
09/25  22:00:00,15.742313
09/25  23:00:00,10.492748
09/25  24:00:00,7.493644
09/26  01:00:00,6.406108
09/26  02:00:00,5.877769
09/26  03:00:00,5.675581
09/26  04:00:00,6.187401
09/26  05:00:00,7.724081
09/26  06:00:00,8.761824
09/26  07:00:00,9.164687
09/26  08:00:00,8.980152
09/26  09:00:00,9.487720
09/26  10:00:00,16.148840
09/26  11:00:00,23.184186
09/26  12:00:00,28.562705
09/26  13:00:00,36.661233
09/26  14:00:00,41.108794
09/26  15:00:00,40.539297
09/26  16:00:00,40.905001
09/26  17:00:00,41.300950
09/26  18:00:00,35.141456
09/26  19:00:00,31.014499
09/26  20:00:00,27.190305
09/26  21:00:00,22.797411
09/26  22:00:00,16.640742
09/26  23:00:00,11.193181
09/26  24:00:00,7.983335
09/27  01:00:00,6.376369
09/27  02:00:00,5.995501
09/27  03:00:00,5.803058
09/27  04:00:00,6.197510
09/27  05:00:00,7.724081
09/27  06:00:00,8.763986
09/27  07:00:00,9.328788
09/27  08:00:00,9.335307
09/27  09:00:00,11.012534
09/27  10:00:00,14.739464
09/27  11:00:00,18.144406
09/27  12:00:00,20.853109
09/27  13:00:00,25.644327
09/27  14:00:00,28.148171
09/27  15:00:00,30.540081
09/27  16:00:00,35.125359
09/27  17:00:00,37.741053
09/27  18:00:00,32.278496
09/27  19:00:00,28.644465
09/27  20:00:00,26.298297
09/27  21:00:00,22.858973
09/27  22:00:00,16.627087
09/27  23:00:00,11.085569
09/27  24:00:00,8.296255
09/28  01:00:00,7.105873
09/28  02:00:00,6.259665
09/28  03:00:00,5.751736
09/28  04:00:00,6.180349
09/28  05:00:00,7.711675
09/28  06:00:00,8.807221
09/28  07:00:00,9.044648
09/28  08:00:00,8.442710
09/28  09:00:00,7.645593
09/28  10:00:00,8.349526
09/28  11:00:00,11.611375
09/28  12:00:00,15.765720
09/28  13:00:00,22.823658
09/28  14:00:00,26.751496
09/28  15:00:00,30.039595
09/28  16:00:00,35.597499
09/28  17:00:00,37.346768
09/28  18:00:00,33.279417
09/28  19:00:00,30.003504
09/28  20:00:00,27.122090
09/28  21:00:00,22.886868
09/28  22:00:00,16.694121
09/28  23:00:00,11.438881
09/28  24:00:00,8.442933
09/29  01:00:00,6.920363
09/29  02:00:00,6.200584
09/29  03:00:00,5.764739
09/29  04:00:00,6.180349
09/29  05:00:00,7.711675
09/29  06:00:00,8.791914
09/29  07:00:00,9.077379
09/29  08:00:00,8.450941
09/29  09:00:00,7.704997
09/29  10:00:00,9.049892
09/29  11:00:00,13.715820
09/29  12:00:00,17.438063
09/29  13:00:00,23.709991
09/29  14:00:00,28.482212
09/29  15:00:00,31.465302
09/29  16:00:00,35.549460
09/29  17:00:00,37.160249
09/29  18:00:00,32.114539
09/29  19:00:00,27.771551
09/29  20:00:00,25.516353
09/29  21:00:00,21.689307
09/29  22:00:00,15.463863
09/29  23:00:00,10.447664
09/29  24:00:00,7.769091
09/30  01:00:00,6.466469
09/30  02:00:00,5.846439
09/30  03:00:00,5.671449
09/30  04:00:00,6.180349
09/30  05:00:00,7.711675
09/30  06:00:00,8.743268
09/30  07:00:00,9.114180
09/30  08:00:00,8.466347
09/30  09:00:00,7.494133
09/30  10:00:00,7.563866
09/30  11:00:00,9.935460
09/30  12:00:00,14.097194
09/30  13:00:00,21.202645
09/30  14:00:00,26.562737
09/30  15:00:00,29.992756
09/30  16:00:00,33.753094
09/30  17:00:00,35.082266
09/30  18:00:00,30.179840
09/30  19:00:00,26.304613
09/30  20:00:00,23.826980
09/30  21:00:00,20.450733
09/30  22:00:00,14.840782
09/30  23:00:00,9.731582
09/30  24:00:00,6.922707
10/01  01:00:00,5.986985
10/01  02:00:00,5.786202
10/01  03:00:00,5.671449
10/01  04:00:00,6.180349
10/01  05:00:00,7.711675
10/01  06:00:00,8.735257
10/01  07:00:00,9.054705
10/01  08:00:00,8.440502
10/01  09:00:00,7.631447
10/01  10:00:00,8.750742
10/01  11:00:00,14.588972
10/01  12:00:00,20.753020
10/01  13:00:00,29.314621
10/01  14:00:00,36.691442
10/01  15:00:00,42.488708
10/01  16:00:00,46.794452
10/01  17:00:00,45.337200
10/01  18:00:00,37.600811
10/01  19:00:00,32.318363
10/01  20:00:00,28.692829
10/01  21:00:00,24.253335
10/01  22:00:00,17.383386
10/01  23:00:00,12.105506
10/01  24:00:00,9.091113
10/02  01:00:00,7.443625
10/02  02:00:00,6.661936
10/02  03:00:00,5.820187
10/02  04:00:00,6.180349
10/02  05:00:00,7.711675
10/02  06:00:00,8.784716
10/02  07:00:00,9.225386
10/02  08:00:00,8.751118
10/02  09:00:00,7.885383
10/02  10:00:00,9.495848
10/02  11:00:00,14.715381
10/02  12:00:00,18.887116
10/02  13:00:00,25.409973
10/02  14:00:00,28.999051
10/02  15:00:00,32.556254
10/02  16:00:00,38.883414
10/02  17:00:00,41.005085
10/02  18:00:00,35.485422
10/02  19:00:00,30.693864
10/02  20:00:00,27.401001
10/02  21:00:00,22.934998
10/02  22:00:00,16.269164
10/02  23:00:00,10.899639
10/02  24:00:00,7.906714
10/03  01:00:00,6.477199
10/03  02:00:00,5.919414
10/03  03:00:00,5.677168
10/03  04:00:00,6.187401
10/03  05:00:00,7.724081
10/03  06:00:00,8.761824
10/03  07:00:00,9.059573
10/03  08:00:00,7.449449
10/03  09:00:00,6.697233
10/03  10:00:00,6.752096
10/03  11:00:00,7.997624
10/03  12:00:00,11.528173
10/03  13:00:00,18.507167
10/03  14:00:00,22.186715
10/03  15:00:00,25.976992
10/03  16:00:00,30.993973
10/03  17:00:00,33.645015
10/03  18:00:00,28.615050
10/03  19:00:00,25.459681
10/03  20:00:00,22.651898
10/03  21:00:00,18.258860
10/03  22:00:00,12.593921
10/03  23:00:00,8.465248
10/03  24:00:00,6.385287
10/04  01:00:00,5.898215
10/04  02:00:00,5.791816
10/04  03:00:00,5.675581
10/04  04:00:00,6.187401
10/04  05:00:00,7.724081
10/04  06:00:00,8.761824
10/04  07:00:00,9.059573
10/04  08:00:00,7.449449
10/04  09:00:00,6.697233
10/04  10:00:00,6.689754
10/04  11:00:00,6.699661
10/04  12:00:00,7.883593
10/04  13:00:00,12.742356
10/04  14:00:00,17.011041
10/04  15:00:00,20.956019
10/04  16:00:00,27.294375
10/04  17:00:00,31.123501
10/04  18:00:00,25.747912
10/04  19:00:00,21.959075
10/04  20:00:00,19.395963
10/04  21:00:00,17.123714
10/04  22:00:00,12.066510
10/04  23:00:00,8.102135
10/04  24:00:00,6.307712
10/05  01:00:00,5.889071
10/05  02:00:00,5.786202
10/05  03:00:00,5.671449
10/05  04:00:00,6.180349
10/05  05:00:00,7.711675
10/05  06:00:00,8.735257
10/05  07:00:00,9.008041
10/05  08:00:00,7.367532
10/05  09:00:00,6.596973
10/05  10:00:00,6.589185
10/05  11:00:00,6.531042
10/05  12:00:00,6.527114
10/05  13:00:00,8.524404
10/05  14:00:00,13.582829
10/05  15:00:00,18.444564
10/05  16:00:00,24.487857
10/05  17:00:00,27.585574
10/05  18:00:00,24.650719
10/05  19:00:00,22.285842
10/05  20:00:00,20.525174
10/05  21:00:00,17.830216
10/05  22:00:00,12.688492
10/05  23:00:00,8.325541
10/05  24:00:00,6.329925
10/06  01:00:00,5.889071
10/06  02:00:00,5.786202
10/06  03:00:00,5.671449
10/06  04:00:00,6.180349
10/06  05:00:00,7.711675
10/06  06:00:00,8.735257
10/06  07:00:00,9.008041
10/06  08:00:00,7.367532
10/06  09:00:00,6.596973
10/06  10:00:00,6.589185
10/06  11:00:00,6.586057
10/06  12:00:00,7.307380
10/06  13:00:00,10.971910
10/06  14:00:00,15.563243
10/06  15:00:00,19.383024
10/06  16:00:00,24.353972
10/06  17:00:00,27.064833
10/06  18:00:00,24.840470
10/06  19:00:00,22.511808
10/06  20:00:00,21.425346
10/06  21:00:00,18.197798
10/06  22:00:00,12.663702
10/06  23:00:00,8.561858
10/06  24:00:00,6.426900
10/07  01:00:00,5.889071
10/07  02:00:00,5.786202
10/07  03:00:00,5.671449
10/07  04:00:00,6.180349
10/07  05:00:00,7.711675
10/07  06:00:00,8.735257
10/07  07:00:00,9.008041
10/07  08:00:00,7.842971
10/07  09:00:00,6.985277
10/07  10:00:00,6.647886
10/07  11:00:00,7.067694
10/07  12:00:00,8.817369
10/07  13:00:00,13.566964
10/07  14:00:00,18.362009
10/07  15:00:00,22.405106
10/07  16:00:00,28.369681
10/07  17:00:00,30.882364
10/07  18:00:00,27.553214
10/07  19:00:00,24.521244
10/07  20:00:00,22.546758
10/07  21:00:00,19.211355
10/07  22:00:00,13.130663
10/07  23:00:00,8.515094
10/07  24:00:00,6.376874
10/08  01:00:00,5.889071
10/08  02:00:00,5.786202
10/08  03:00:00,5.671449
10/08  04:00:00,6.180349
10/08  05:00:00,7.711675
10/08  06:00:00,8.735257
10/08  07:00:00,9.008041
10/08  08:00:00,7.367532
10/08  09:00:00,6.596973
10/08  10:00:00,6.589185
10/08  11:00:00,6.531042
10/08  12:00:00,6.493695
10/08  13:00:00,8.181951
10/08  14:00:00,13.347542
10/08  15:00:00,19.270065
10/08  16:00:00,25.265909
10/08  17:00:00,27.364840
10/08  18:00:00,23.245652
10/08  19:00:00,21.930005
10/08  20:00:00,20.858709
10/08  21:00:00,17.565294
10/08  22:00:00,11.743329
10/08  23:00:00,7.956011
10/08  24:00:00,6.307712
10/09  01:00:00,5.889071
10/09  02:00:00,5.786202
10/09  03:00:00,5.671449
10/09  04:00:00,6.180349
10/09  05:00:00,7.711675
10/09  06:00:00,8.735257
10/09  07:00:00,9.008041
10/09  08:00:00,7.367532
10/09  09:00:00,6.596973
10/09  10:00:00,6.589185
10/09  11:00:00,6.531042
10/09  12:00:00,6.491229
10/09  13:00:00,7.148643
10/09  14:00:00,11.049230
10/09  15:00:00,17.511741
10/09  16:00:00,21.193532
10/09  17:00:00,21.787562
10/09  18:00:00,21.592504
10/09  19:00:00,20.523432
10/09  20:00:00,19.188623
10/09  21:00:00,16.281452
10/09  22:00:00,11.387917
10/09  23:00:00,8.000294
10/09  24:00:00,6.322674
10/10  01:00:00,5.898215
10/10  02:00:00,5.791816
10/10  03:00:00,5.675581
10/10  04:00:00,6.187401
10/10  05:00:00,7.724081
10/10  06:00:00,8.761824
10/10  07:00:00,9.059573
10/10  08:00:00,7.505949
10/10  09:00:00,6.860899
10/10  10:00:00,6.689754
10/10  11:00:00,6.637160
10/10  12:00:00,6.712653
10/10  13:00:00,7.965518
10/10  14:00:00,10.940717
10/10  15:00:00,17.203504
10/10  16:00:00,23.165291
10/10  17:00:00,25.906877
10/10  18:00:00,21.275729
10/10  19:00:00,18.884360
10/10  20:00:00,17.906448
10/10  21:00:00,15.183224
10/10  22:00:00,10.624488
10/10  23:00:00,7.884884
10/10  24:00:00,6.322674
10/11  01:00:00,5.898215
10/11  02:00:00,5.791816
10/11  03:00:00,5.675581
10/11  04:00:00,6.187401
10/11  05:00:00,7.724081
10/11  06:00:00,8.761824
10/11  07:00:00,9.059573
10/11  08:00:00,7.449449
10/11  09:00:00,6.697233
10/11  10:00:00,6.689754
10/11  11:00:00,6.624856
10/11  12:00:00,6.575363
10/11  13:00:00,6.685880
10/11  14:00:00,6.782019
10/11  15:00:00,7.564459
10/11  16:00:00,10.117800
10/11  17:00:00,13.622077
10/11  18:00:00,14.475842
10/11  19:00:00,14.450220
10/11  20:00:00,14.567981
10/11  21:00:00,13.212456
10/11  22:00:00,10.113808
10/11  23:00:00,7.877341
10/11  24:00:00,6.322674
10/12  01:00:00,5.898215
10/12  02:00:00,5.791816
10/12  03:00:00,5.675581
10/12  04:00:00,6.187401
10/12  05:00:00,7.795977
10/12  06:00:00,9.143912
10/12  07:00:00,9.084709
10/12  08:00:00,7.449449
10/12  09:00:00,6.697233
10/12  10:00:00,6.689754
10/12  11:00:00,6.624856
10/12  12:00:00,6.575363
10/12  13:00:00,6.685880
10/12  14:00:00,6.782019
10/12  15:00:00,7.464321
10/12  16:00:00,9.843195
10/12  17:00:00,14.793212
10/12  18:00:00,15.522207
10/12  19:00:00,16.043512
10/12  20:00:00,16.148071
10/12  21:00:00,13.928897
10/12  22:00:00,10.155288
10/12  23:00:00,7.877341
10/12  24:00:00,6.307712
10/13  01:00:00,5.889071
10/13  02:00:00,5.786202
10/13  03:00:00,5.671449
10/13  04:00:00,6.180349
10/13  05:00:00,7.711675
10/13  06:00:00,8.735257
10/13  07:00:00,9.008041
10/13  08:00:00,7.367532
10/13  09:00:00,6.596973
10/13  10:00:00,6.589185
10/13  11:00:00,6.531042
10/13  12:00:00,6.526242
10/13  13:00:00,7.516415
10/13  14:00:00,11.350461
10/13  15:00:00,16.351806
10/13  16:00:00,23.155107
10/13  17:00:00,26.828747
10/13  18:00:00,23.429145
10/13  19:00:00,21.082308
10/13  20:00:00,19.074142
10/13  21:00:00,15.349028
10/13  22:00:00,10.924478
10/13  23:00:00,7.888136
10/13  24:00:00,6.307712
10/14  01:00:00,5.889071
10/14  02:00:00,5.786202
10/14  03:00:00,5.671449
10/14  04:00:00,6.180349
10/14  05:00:00,7.711675
10/14  06:00:00,8.735257
10/14  07:00:00,9.008041
10/14  08:00:00,7.369141
10/14  09:00:00,6.628583
10/14  10:00:00,6.639079
10/14  11:00:00,7.228213
10/14  12:00:00,10.307951
10/14  13:00:00,18.934403
10/14  14:00:00,26.099160
10/14  15:00:00,30.398333
10/14  16:00:00,33.273825
10/14  17:00:00,34.144052
10/14  18:00:00,29.054547
10/14  19:00:00,25.876095
10/14  20:00:00,23.461596
10/14  21:00:00,19.862414
10/14  22:00:00,13.670533
10/14  23:00:00,8.651902
10/14  24:00:00,6.357357
10/15  01:00:00,5.889071
10/15  02:00:00,5.786202
10/15  03:00:00,5.671449
10/15  04:00:00,6.180349
10/15  05:00:00,7.711675
10/15  06:00:00,8.735257
10/15  07:00:00,9.008041
10/15  08:00:00,7.727780
10/15  09:00:00,7.285443
10/15  10:00:00,7.137395
10/15  11:00:00,9.213477
10/15  12:00:00,12.736920
10/15  13:00:00,18.957481
10/15  14:00:00,22.785348
10/15  15:00:00,27.151537
10/15  16:00:00,32.379889
10/15  17:00:00,34.008983
10/15  18:00:00,29.505677
10/15  19:00:00,26.375419
10/15  20:00:00,23.371566
10/15  21:00:00,19.503397
10/15  22:00:00,13.543615
10/15  23:00:00,8.877848
10/15  24:00:00,6.500814
10/16  01:00:00,5.889071
10/16  02:00:00,5.786202
10/16  03:00:00,5.671449
10/16  04:00:00,6.180349
10/16  05:00:00,7.711675
10/16  06:00:00,8.735257
10/16  07:00:00,9.008041
10/16  08:00:00,7.477984
10/16  09:00:00,6.825774
10/16  10:00:00,6.643976
10/16  11:00:00,7.144676
10/16  12:00:00,10.000367
10/16  13:00:00,17.980438
10/16  14:00:00,23.112631
10/16  15:00:00,27.644274
10/16  16:00:00,34.878262
10/16  17:00:00,36.614400
10/16  18:00:00,30.127291
10/16  19:00:00,26.726451
10/16  20:00:00,23.735442
10/16  21:00:00,19.804117
10/16  22:00:00,13.786822
10/16  23:00:00,8.874351
10/16  24:00:00,6.495569
10/17  01:00:00,5.898215
10/17  02:00:00,5.791816
10/17  03:00:00,5.675581
10/17  04:00:00,6.187401
10/17  05:00:00,7.724081
10/17  06:00:00,8.761824
10/17  07:00:00,9.059573
10/17  08:00:00,7.843521
10/17  09:00:00,7.457411
10/17  10:00:00,7.396803
10/17  11:00:00,10.395336
10/17  12:00:00,16.459470
10/17  13:00:00,26.052045
10/17  14:00:00,31.170274
10/17  15:00:00,34.677389
10/17  16:00:00,41.151653
10/17  17:00:00,43.992285
10/17  18:00:00,35.265748
10/17  19:00:00,30.028165
10/17  20:00:00,26.589645
10/17  21:00:00,22.538501
10/17  22:00:00,16.077393
10/17  23:00:00,10.940350
10/17  24:00:00,8.215314
10/18  01:00:00,6.838227
10/18  02:00:00,6.453708
10/18  03:00:00,6.376493
10/18  04:00:00,6.840477
10/18  05:00:00,8.604954
10/18  06:00:00,10.074735
10/18  07:00:00,9.059573
10/18  08:00:00,7.449449
10/18  09:00:00,6.697233
10/18  10:00:00,6.689754
10/18  11:00:00,6.801608
10/18  12:00:00,8.126674
10/18  13:00:00,12.548661
10/18  14:00:00,15.865367
10/18  15:00:00,19.479032
10/18  16:00:00,25.287134
10/18  17:00:00,29.043551
10/18  18:00:00,25.275060
10/18  19:00:00,22.859800
10/18  20:00:00,20.406872
10/18  21:00:00,18.098132
10/18  22:00:00,12.975376
10/18  23:00:00,8.344405
10/18  24:00:00,6.318769
10/19  01:00:00,5.889071
10/19  02:00:00,5.786202
10/19  03:00:00,5.671449
10/19  04:00:00,6.180349
10/19  05:00:00,7.711675
10/19  06:00:00,8.735257
10/19  07:00:00,9.008041
10/19  08:00:00,7.367532
10/19  09:00:00,6.596973
10/19  10:00:00,6.589185
10/19  11:00:00,6.540610
10/19  12:00:00,7.004777
10/19  13:00:00,10.926280
10/19  14:00:00,15.968603
10/19  15:00:00,20.653320
10/19  16:00:00,25.786829
10/19  17:00:00,25.924197
10/19  18:00:00,23.103191
10/19  19:00:00,22.396045
10/19  20:00:00,20.912864
10/19  21:00:00,18.076472
10/19  22:00:00,12.444425
10/19  23:00:00,8.244238
10/19  24:00:00,6.352772
10/20  01:00:00,5.889071
10/20  02:00:00,5.786202
10/20  03:00:00,5.671449
10/20  04:00:00,6.180349
10/20  05:00:00,7.711675
10/20  06:00:00,8.735257
10/20  07:00:00,9.008041
10/20  08:00:00,7.367532
10/20  09:00:00,6.596973
10/20  10:00:00,6.589185
10/20  11:00:00,6.531042
10/20  12:00:00,6.491229
10/20  13:00:00,6.606977
10/20  14:00:00,6.713226
10/20  15:00:00,7.381667
10/20  16:00:00,9.587744
10/20  17:00:00,14.452671
10/20  18:00:00,16.090621
10/20  19:00:00,16.552009
10/20  20:00:00,16.025158
10/20  21:00:00,13.920079
10/20  22:00:00,10.075386
10/20  23:00:00,7.846680
10/20  24:00:00,6.307712
10/21  01:00:00,5.889071
10/21  02:00:00,5.786202
10/21  03:00:00,5.671449
10/21  04:00:00,6.180349
10/21  05:00:00,7.711675
10/21  06:00:00,8.735257
10/21  07:00:00,9.008041
10/21  08:00:00,7.367532
10/21  09:00:00,6.596973
10/21  10:00:00,6.589185
10/21  11:00:00,6.531042
10/21  12:00:00,6.491229
10/21  13:00:00,6.606977
10/21  14:00:00,6.713226
10/21  15:00:00,8.840778
10/21  16:00:00,15.480229
10/21  17:00:00,19.108968
10/21  18:00:00,17.009254
10/21  19:00:00,16.588205
10/21  20:00:00,16.823232
10/21  21:00:00,15.132365
10/21  22:00:00,10.680740
10/21  23:00:00,7.848829
10/21  24:00:00,6.307712
10/22  01:00:00,5.889071
10/22  02:00:00,5.786202
10/22  03:00:00,5.671449
10/22  04:00:00,6.180349
10/22  05:00:00,7.711675
10/22  06:00:00,8.735257
10/22  07:00:00,9.008041
10/22  08:00:00,7.367532
10/22  09:00:00,6.596973
10/22  10:00:00,6.589185
10/22  11:00:00,6.531042
10/22  12:00:00,6.491229
10/22  13:00:00,6.606977
10/22  14:00:00,6.713226
10/22  15:00:00,8.471094
10/22  16:00:00,14.909428
10/22  17:00:00,18.657691
10/22  18:00:00,17.356345
10/22  19:00:00,16.477520
10/22  20:00:00,15.769239
10/22  21:00:00,13.670785
10/22  22:00:00,10.122285
10/22  23:00:00,7.846680
10/22  24:00:00,6.307712
10/23  01:00:00,5.889071
10/23  02:00:00,5.786202
10/23  03:00:00,5.671449
10/23  04:00:00,6.180349
10/23  05:00:00,7.711675
10/23  06:00:00,8.735257
10/23  07:00:00,9.008041
10/23  08:00:00,7.367532
10/23  09:00:00,6.596973
10/23  10:00:00,6.589185
10/23  11:00:00,6.531042
10/23  12:00:00,6.491229
10/23  13:00:00,6.674526
10/23  14:00:00,7.053757
10/23  15:00:00,10.358942
10/23  16:00:00,16.856859
10/23  17:00:00,19.540951
10/23  18:00:00,17.698138
10/23  19:00:00,17.223612
10/23  20:00:00,16.118945
10/23  21:00:00,13.254914
10/23  22:00:00,10.070876
10/23  23:00:00,7.846680
10/23  24:00:00,6.322674
10/24  01:00:00,5.898215
10/24  02:00:00,5.791816
10/24  03:00:00,5.675581
10/24  04:00:00,6.187401
10/24  05:00:00,7.724081
10/24  06:00:00,8.761824
10/24  07:00:00,9.059573
10/24  08:00:00,7.449449
10/24  09:00:00,6.697233
10/24  10:00:00,6.689754
10/24  11:00:00,6.624856
10/24  12:00:00,6.575363
10/24  13:00:00,6.791749
10/24  14:00:00,8.276331
10/24  15:00:00,13.236293
10/24  16:00:00,19.397932
10/24  17:00:00,23.013495
10/24  18:00:00,19.426994
10/24  19:00:00,18.540119
10/24  20:00:00,17.621677
10/24  21:00:00,13.996885
10/24  22:00:00,10.113808
10/24  23:00:00,7.877341
10/24  24:00:00,6.322674
10/25  01:00:00,5.898215
10/25  02:00:00,5.791816
10/25  03:00:00,5.675581
10/25  04:00:00,6.187401
10/25  05:00:00,7.731130
10/25  06:00:00,9.128570
10/25  07:00:00,9.132151
10/25  08:00:00,7.449449
10/25  09:00:00,6.697233
10/25  10:00:00,6.689754
10/25  11:00:00,6.624856
10/25  12:00:00,6.630233
10/25  13:00:00,7.855237
10/25  14:00:00,11.580340
10/25  15:00:00,18.151393
10/25  16:00:00,25.060525
10/25  17:00:00,27.130467
10/25  18:00:00,22.925583
10/25  19:00:00,21.479546
10/25  20:00:00,19.569784
10/25  21:00:00,15.992731
10/25  22:00:00,10.765547
10/25  23:00:00,7.877341
10/25  24:00:00,6.307712
10/26  01:00:00,5.889071
10/26  02:00:00,5.786202
10/26  03:00:00,5.671449
10/26  04:00:00,6.180349
10/26  05:00:00,7.711675
10/26  06:00:00,8.735257
10/26  07:00:00,9.008041
10/26  08:00:00,7.367532
10/26  09:00:00,6.596973
10/26  10:00:00,6.589566
10/26  11:00:00,6.682687
10/26  12:00:00,7.630403
10/26  13:00:00,11.612860
10/26  14:00:00,16.744312
10/26  15:00:00,22.736359
10/26  16:00:00,28.801629
10/26  17:00:00,30.685670
10/26  18:00:00,26.836261
10/26  19:00:00,24.083795
10/26  20:00:00,21.960331
10/26  21:00:00,18.441076
10/26  22:00:00,11.800061
10/26  23:00:00,8.517971
10/26  24:00:00,6.365534
10/27  01:00:00,5.889071
10/27  02:00:00,5.786202
10/27  03:00:00,5.671449
10/27  04:00:00,6.180349
10/27  05:00:00,7.711675
10/27  06:00:00,8.735257
10/27  07:00:00,9.008041
10/27  08:00:00,7.367532
10/27  09:00:00,6.624941
10/27  10:00:00,6.652828
10/27  11:00:00,7.058930
10/27  12:00:00,9.825729
10/27  13:00:00,18.774449
10/27  14:00:00,24.714783
10/27  15:00:00,29.840898
10/27  16:00:00,35.552925
10/27  17:00:00,33.887833
10/27  18:00:00,27.622836
10/27  19:00:00,24.244091
10/27  20:00:00,21.147237
10/27  21:00:00,16.978596
10/27  22:00:00,11.536273
10/27  23:00:00,8.030356
10/27  24:00:00,6.307712
10/28  01:00:00,5.889071
10/28  02:00:00,5.786202
10/28  03:00:00,5.671449
10/28  04:00:00,6.180349
10/28  05:00:00,7.711675
10/28  06:00:00,8.735257
10/28  07:00:00,9.008041
10/28  08:00:00,7.402132
10/28  09:00:00,6.883396
10/28  10:00:00,6.915843
10/28  11:00:00,7.641315
10/28  12:00:00,8.971169
10/28  13:00:00,12.409193
10/28  14:00:00,16.978314
10/28  15:00:00,22.735705
10/28  16:00:00,28.181956
10/28  17:00:00,27.476131
10/28  18:00:00,23.288338
10/28  19:00:00,21.297374
10/28  20:00:00,19.314221
10/28  21:00:00,16.282306
10/28  22:00:00,11.189388
10/28  23:00:00,7.857548
10/28  24:00:00,6.307712
10/29  01:00:00,5.889071
10/29  02:00:00,5.786202
10/29  03:00:00,5.671449
10/29  04:00:00,6.180349
10/29  05:00:00,7.711675
10/29  06:00:00,8.735257
10/29  07:00:00,9.008041
10/29  08:00:00,7.370317
10/29  09:00:00,6.784656
10/29  10:00:00,6.815845
10/29  11:00:00,7.110804
10/29  12:00:00,8.308247
10/29  13:00:00,11.725527
10/29  14:00:00,16.806789
10/29  15:00:00,21.199851
10/29  16:00:00,25.400003
10/29  17:00:00,25.457765
10/29  18:00:00,21.945344
10/29  19:00:00,20.329094
10/29  20:00:00,18.380912
10/29  21:00:00,14.840069
10/29  22:00:00,10.324155
10/29  23:00:00,7.846680
10/29  24:00:00,6.307712
10/30  01:00:00,5.889071
10/30  02:00:00,5.786202
10/30  03:00:00,5.671449
10/30  04:00:00,6.180349
10/30  05:00:00,7.809324
10/30  06:00:00,8.898841
10/30  07:00:00,9.151039
10/30  08:00:00,7.368622
10/30  09:00:00,6.621478
10/30  10:00:00,6.661990
10/30  11:00:00,6.718542
10/30  12:00:00,7.074272
10/30  13:00:00,8.798859
10/30  14:00:00,11.001981
10/30  15:00:00,16.717417
10/30  16:00:00,23.621236
10/30  17:00:00,24.108625
10/30  18:00:00,21.081504
10/30  19:00:00,19.535282
10/30  20:00:00,17.695835
10/30  21:00:00,14.481065
10/30  22:00:00,10.241091
10/30  23:00:00,7.846680
10/30  24:00:00,6.322674
10/31  01:00:00,5.898215
10/31  02:00:00,5.791816
10/31  03:00:00,5.675581
10/31  04:00:00,6.187401
10/31  05:00:00,7.724081
10/31  06:00:00,8.761824
10/31  07:00:00,9.059573
10/31  08:00:00,7.449449
10/31  09:00:00,6.697233
10/31  10:00:00,6.689754
10/31  11:00:00,6.624856
10/31  12:00:00,6.575363
10/31  13:00:00,7.316539
10/31  14:00:00,8.869053
10/31  15:00:00,12.186540
10/31  16:00:00,18.050481
10/31  17:00:00,20.091594
10/31  18:00:00,17.278063
10/31  19:00:00,17.009982
10/31  20:00:00,16.567133
10/31  21:00:00,14.008839
10/31  22:00:00,10.175365
10/31  23:00:00,7.877341
10/31  24:00:00,6.322674
11/01  01:00:00,5.898215
11/01  02:00:00,5.791816
11/01  03:00:00,5.675581
11/01  04:00:00,6.187401
11/01  05:00:00,7.724081
11/01  06:00:00,8.873910
11/01  07:00:00,9.070775
11/01  08:00:00,7.449449
11/01  09:00:00,6.697233
11/01  10:00:00,6.765405
11/01  11:00:00,7.320678
11/01  12:00:00,8.620478
11/01  13:00:00,12.125399
11/01  14:00:00,17.223630
11/01  15:00:00,21.696681
11/01  16:00:00,25.261098
11/01  17:00:00,26.469102
11/01  18:00:00,22.263714
11/01  19:00:00,19.692264
11/01  20:00:00,17.733167
11/01  21:00:00,14.924741
11/01  22:00:00,10.552033
11/01  23:00:00,7.877341
11/01  24:00:00,6.307712
11/02  01:00:00,6.307712
11/02  02:00:00,5.889071
11/02  03:00:00,5.786202
11/02  04:00:00,5.671449
11/02  05:00:00,6.180349
11/02  06:00:00,7.812479
11/02  07:00:00,8.759130
11/02  08:00:00,9.008041
11/02  09:00:00,7.367532
11/02  10:00:00,6.596973
11/02  11:00:00,6.589185
11/02  12:00:00,6.559738
11/02  13:00:00,6.733281
11/02  14:00:00,7.227212
11/02  15:00:00,8.206714
11/02  16:00:00,9.612344
11/02  17:00:00,11.698096
11/02  18:00:00,12.605948
11/02  19:00:00,14.456619
11/02  20:00:00,14.502249
11/02  21:00:00,14.445584
11/02  22:00:00,12.840459
11/02  23:00:00,10.061348
11/02  24:00:00,7.846680
11/03  01:00:00,6.307712
11/03  02:00:00,5.889071
11/03  03:00:00,5.786202
11/03  04:00:00,5.671449
11/03  05:00:00,6.180349
11/03  06:00:00,7.715838
11/03  07:00:00,8.735257
11/03  08:00:00,9.008041
11/03  09:00:00,7.367532
11/03  10:00:00,6.596973
11/03  11:00:00,6.589185
11/03  12:00:00,6.531042
11/03  13:00:00,6.491229
11/03  14:00:00,6.622932
11/03  15:00:00,7.759123
11/03  16:00:00,10.566344
11/03  17:00:00,11.746361
11/03  18:00:00,12.120189
11/03  19:00:00,13.806816
11/03  20:00:00,14.486491
11/03  21:00:00,14.421689
11/03  22:00:00,12.815887
11/03  23:00:00,10.061348
11/03  24:00:00,7.846680
11/04  01:00:00,6.307712
11/04  02:00:00,5.911959
11/04  03:00:00,6.250708
11/04  04:00:00,6.539898
11/04  05:00:00,7.186726
11/04  06:00:00,9.026841
11/04  07:00:00,9.197663
11/04  08:00:00,9.086069
11/04  09:00:00,7.367532
11/04  10:00:00,6.596973
11/04  11:00:00,6.589185
11/04  12:00:00,6.531042
11/04  13:00:00,6.491229
11/04  14:00:00,6.606977
11/04  15:00:00,7.234094
11/04  16:00:00,8.987079
11/04  17:00:00,10.334638
11/04  18:00:00,11.745509
11/04  19:00:00,13.918070
11/04  20:00:00,14.357899
11/04  21:00:00,14.302068
11/04  22:00:00,12.815887
11/04  23:00:00,10.061348
11/04  24:00:00,7.846680
11/05  01:00:00,6.307712
11/05  02:00:00,6.292949
11/05  03:00:00,6.905931
11/05  04:00:00,7.709590
11/05  05:00:00,9.418669
11/05  06:00:00,12.558996
11/05  07:00:00,11.222393
11/05  08:00:00,10.777282
11/05  09:00:00,7.581278
11/05  10:00:00,6.596973
11/05  11:00:00,6.589185
11/05  12:00:00,6.564382
11/05  13:00:00,6.644280
11/05  14:00:00,7.171260
11/05  15:00:00,8.830601
11/05  16:00:00,11.387379
11/05  17:00:00,12.155571
11/05  18:00:00,12.995991
11/05  19:00:00,14.689816
11/05  20:00:00,15.008601
11/05  21:00:00,14.462628
11/05  22:00:00,12.816625
11/05  23:00:00,10.061348
11/05  24:00:00,7.846680
11/06  01:00:00,6.307712
11/06  02:00:00,5.889071
11/06  03:00:00,6.127185
11/06  04:00:00,6.544389
11/06  05:00:00,7.304417
11/06  06:00:00,9.388944
11/06  07:00:00,9.905458
11/06  08:00:00,10.143343
11/06  09:00:00,7.742769
11/06  10:00:00,6.596973
11/06  11:00:00,6.589185
11/06  12:00:00,6.531042
11/06  13:00:00,6.491229
11/06  14:00:00,6.606977
11/06  15:00:00,6.713226
11/06  16:00:00,7.469073
11/06  17:00:00,9.498732
11/06  18:00:00,11.735411
11/06  19:00:00,13.689589
11/06  20:00:00,14.341115
11/06  21:00:00,14.317522
11/06  22:00:00,12.815887
11/06  23:00:00,10.061348
11/06  24:00:00,7.846680
11/07  01:00:00,6.322674
11/07  02:00:00,5.898215
11/07  03:00:00,5.791816
11/07  04:00:00,5.675581
11/07  05:00:00,6.197219
11/07  06:00:00,7.804456
11/07  07:00:00,8.878291
11/07  08:00:00,9.059573
11/07  09:00:00,7.449449
11/07  10:00:00,6.697233
11/07  11:00:00,6.689754
11/07  12:00:00,6.624856
11/07  13:00:00,6.575363
11/07  14:00:00,6.828918
11/07  15:00:00,7.737287
11/07  16:00:00,9.329493
11/07  17:00:00,10.453613
11/07  18:00:00,12.346238
11/07  19:00:00,13.782794
11/07  20:00:00,14.341467
11/07  21:00:00,14.384023
11/07  22:00:00,12.889167
11/07  23:00:00,10.113808
11/07  24:00:00,7.877341
11/08  01:00:00,6.322674
11/08  02:00:00,5.898215
11/08  03:00:00,5.791816
11/08  04:00:00,5.770334
11/08  05:00:00,6.750479
11/08  06:00:00,10.978851
11/08  07:00:00,12.860977
11/08  08:00:00,9.745563
11/08  09:00:00,7.466814
11/08  10:00:00,6.697233
11/08  11:00:00,6.689754
11/08  12:00:00,6.624856
11/08  13:00:00,6.575363
11/08  14:00:00,6.685880
11/08  15:00:00,6.782019
11/08  16:00:00,7.446404
11/08  17:00:00,9.537112
11/08  18:00:00,11.719860
11/08  19:00:00,13.590943
11/08  20:00:00,14.327431
11/08  21:00:00,14.384023
11/08  22:00:00,12.889167
11/08  23:00:00,10.113808
11/08  24:00:00,7.877341
11/09  01:00:00,6.307712
11/09  02:00:00,5.889071
11/09  03:00:00,5.786202
11/09  04:00:00,5.671449
11/09  05:00:00,6.199772
11/09  06:00:00,8.241050
11/09  07:00:00,9.250388
11/09  08:00:00,9.257652
11/09  09:00:00,7.367532
11/09  10:00:00,6.596973
11/09  11:00:00,6.589185
11/09  12:00:00,6.531042
11/09  13:00:00,6.491229
11/09  14:00:00,6.606977
11/09  15:00:00,6.713226
11/09  16:00:00,7.381667
11/09  17:00:00,9.471617
11/09  18:00:00,11.651652
11/09  19:00:00,13.510554
11/09  20:00:00,14.238864
11/09  21:00:00,14.302068
11/09  22:00:00,12.815887
11/09  23:00:00,10.061348
11/09  24:00:00,7.846680
11/10  01:00:00,6.307712
11/10  02:00:00,5.889071
11/10  03:00:00,5.846397
11/10  04:00:00,5.924352
11/10  05:00:00,6.620012
11/10  06:00:00,8.501594
11/10  07:00:00,8.992579
11/10  08:00:00,9.294983
11/10  09:00:00,7.744822
11/10  10:00:00,6.619236
11/10  11:00:00,6.589185
11/10  12:00:00,6.531042
11/10  13:00:00,6.491229
11/10  14:00:00,6.606977
11/10  15:00:00,6.713226
11/10  16:00:00,7.557115
11/10  17:00:00,9.565859
11/10  18:00:00,11.651652
11/10  19:00:00,13.510554
11/10  20:00:00,14.238864
11/10  21:00:00,14.302068
11/10  22:00:00,12.815887
11/10  23:00:00,10.061348
11/10  24:00:00,7.846680
11/11  01:00:00,6.326914
11/11  02:00:00,6.175055
11/11  03:00:00,6.836868
11/11  04:00:00,7.635026
11/11  05:00:00,9.051955
11/11  06:00:00,11.041681
11/11  07:00:00,11.345914
11/11  08:00:00,9.597752
11/11  09:00:00,7.497878
11/11  10:00:00,6.697233
11/11  11:00:00,6.689754
11/11  12:00:00,6.624856
11/11  13:00:00,6.575363
11/11  14:00:00,6.685880
11/11  15:00:00,6.782019
11/11  16:00:00,7.646651
11/11  17:00:00,9.759041
11/11  18:00:00,11.719860
11/11  19:00:00,13.590943
11/11  20:00:00,14.327431
11/11  21:00:00,14.384023
11/11  22:00:00,12.889167
11/11  23:00:00,10.113808
11/11  24:00:00,7.978771
11/12  01:00:00,7.359403
11/12  02:00:00,7.762603
11/12  03:00:00,9.817917
11/12  04:00:00,12.845622
11/12  05:00:00,13.608389
11/12  06:00:00,15.273537
11/12  07:00:00,13.492118
11/12  08:00:00,10.696045
11/12  09:00:00,7.666444
11/12  10:00:00,6.600495
11/12  11:00:00,6.589185
11/12  12:00:00,6.531042
11/12  13:00:00,6.582320
11/12  14:00:00,7.125426
11/12  15:00:00,8.391307
11/12  16:00:00,10.980292
11/12  17:00:00,12.090138
11/12  18:00:00,12.767389
11/12  19:00:00,14.100522
11/12  20:00:00,14.321885
11/12  21:00:00,14.336422
11/12  22:00:00,12.815887
11/12  23:00:00,10.061348
11/12  24:00:00,7.852063
11/13  01:00:00,6.562470
11/13  02:00:00,6.504757
11/13  03:00:00,7.357138
11/13  04:00:00,9.222276
11/13  05:00:00,12.225873
11/13  06:00:00,14.479781
11/13  07:00:00,12.722954
11/13  08:00:00,10.414300
11/13  09:00:00,7.585577
11/13  10:00:00,6.596973
11/13  11:00:00,6.589185
11/13  12:00:00,6.541098
11/13  13:00:00,6.745127
11/13  14:00:00,8.332326
11/13  15:00:00,10.542746
11/13  16:00:00,13.440391
11/13  17:00:00,14.119688
11/13  18:00:00,14.966130
11/13  19:00:00,16.112668
11/13  20:00:00,15.639726
11/13  21:00:00,14.815602
11/13  22:00:00,12.826299
11/13  23:00:00,10.061348
11/13  24:00:00,7.846680
11/14  01:00:00,6.322674
11/14  02:00:00,5.968395
11/14  03:00:00,6.228933
11/14  04:00:00,7.294199
11/14  05:00:00,8.960467
11/14  06:00:00,12.984803
11/14  07:00:00,14.284898
11/14  08:00:00,10.079758
11/14  09:00:00,7.457894
11/14  10:00:00,6.697233
11/14  11:00:00,6.690731
11/14  12:00:00,6.758359
11/14  13:00:00,7.087797
11/14  14:00:00,8.376657
11/14  15:00:00,10.034478
11/14  16:00:00,13.004889
11/14  17:00:00,13.654568
11/14  18:00:00,14.175478
11/14  19:00:00,14.170773
11/14  20:00:00,14.941674
11/14  21:00:00,14.781709
11/14  22:00:00,12.891551
11/14  23:00:00,10.113808
11/14  24:00:00,7.877341
11/15  01:00:00,6.327193
11/15  02:00:00,5.999617
11/15  03:00:00,6.046097
11/15  04:00:00,6.531560
11/15  05:00:00,7.472679
11/15  06:00:00,11.226377
11/15  07:00:00,12.558709
11/15  08:00:00,9.214768
11/15  09:00:00,7.449449
11/15  10:00:00,6.697233
11/15  11:00:00,6.725791
11/15  12:00:00,7.020656
11/15  13:00:00,8.061003
11/15  14:00:00,10.338874
11/15  15:00:00,15.814889
11/15  16:00:00,21.125582
11/15  17:00:00,21.021708
11/15  18:00:00,20.992893
11/15  19:00:00,20.098341
11/15  20:00:00,19.866088
11/15  21:00:00,17.640339
11/15  22:00:00,13.994105
11/15  23:00:00,10.431711
11/15  24:00:00,8.366752
11/16  01:00:00,6.331595
11/16  02:00:00,5.889071
11/16  03:00:00,5.786202
11/16  04:00:00,5.671449
11/16  05:00:00,6.180349
11/16  06:00:00,7.770882
11/16  07:00:00,8.735257
11/16  08:00:00,9.008041
11/16  09:00:00,7.384576
11/16  10:00:00,6.710269
11/16  11:00:00,6.938049
11/16  12:00:00,7.804294
11/16  13:00:00,9.222940
11/16  14:00:00,12.547098
11/16  15:00:00,18.207540
11/16  16:00:00,22.387158
11/16  17:00:00,20.802756
11/16  18:00:00,18.414266
11/16  19:00:00,17.877160
11/16  20:00:00,16.949448
11/16  21:00:00,15.718074
11/16  22:00:00,13.203211
11/16  23:00:00,10.061348
11/16  24:00:00,7.846680
11/17  01:00:00,6.307712
11/17  02:00:00,5.906777
11/17  03:00:00,6.878849
11/17  04:00:00,8.366433
11/17  05:00:00,10.597761
11/17  06:00:00,14.001318
11/17  07:00:00,12.551132
11/17  08:00:00,9.898109
11/17  09:00:00,7.442764
11/17  10:00:00,6.749623
11/17  11:00:00,7.006571
11/17  12:00:00,7.767129
11/17  13:00:00,8.774658
11/17  14:00:00,10.747255
11/17  15:00:00,14.162138
11/17  16:00:00,17.902101
11/17  17:00:00,17.498781
11/17  18:00:00,16.484323
11/17  19:00:00,16.608928
11/17  20:00:00,16.170298
11/17  21:00:00,15.225907
11/17  22:00:00,12.984468
11/17  23:00:00,10.061348
11/17  24:00:00,7.846680
11/18  01:00:00,6.307712
11/18  02:00:00,5.889071
11/18  03:00:00,5.786202
11/18  04:00:00,6.116542
11/18  05:00:00,6.337420
11/18  06:00:00,7.711675
11/18  07:00:00,8.735257
11/18  08:00:00,9.031664
11/18  09:00:00,7.753548
11/18  10:00:00,7.348510
11/18  11:00:00,8.572290
11/18  12:00:00,9.552538
11/18  13:00:00,10.656598
11/18  14:00:00,13.956885
11/18  15:00:00,19.408400
11/18  16:00:00,22.829999
11/18  17:00:00,21.075661
11/18  18:00:00,19.815042
11/18  19:00:00,19.768725
11/18  20:00:00,17.256698
11/18  21:00:00,15.410038
11/18  22:00:00,13.536247
11/18  23:00:00,10.066861
11/18  24:00:00,7.846680
11/19  01:00:00,6.307712
11/19  02:00:00,5.889071
11/19  03:00:00,5.804558
11/19  04:00:00,7.013134
11/19  05:00:00,8.964035
11/19  06:00:00,12.218238
11/19  07:00:00,13.453463
11/19  08:00:00,10.161136
11/19  09:00:00,7.453156
11/19  10:00:00,6.848716
11/19  11:00:00,7.140041
11/19  12:00:00,8.219970
11/19  13:00:00,9.862655
11/19  14:00:00,12.130444
11/19  15:00:00,17.496558
11/19  16:00:00,22.022216
11/19  17:00:00,19.755001
11/19  18:00:00,17.533630
11/19  19:00:00,17.227706
11/19  20:00:00,16.609773
11/19  21:00:00,15.323497
11/19  22:00:00,12.975573
11/19  23:00:00,10.061348
11/19  24:00:00,7.846680
11/20  01:00:00,6.307712
11/20  02:00:00,5.889071
11/20  03:00:00,5.786202
11/20  04:00:00,5.981751
11/20  05:00:00,7.311349
11/20  06:00:00,11.020909
11/20  07:00:00,9.870740
11/20  08:00:00,9.051371
11/20  09:00:00,7.454548
11/20  10:00:00,7.011381
11/20  11:00:00,7.862970
11/20  12:00:00,9.141133
11/20  13:00:00,10.697077
11/20  14:00:00,13.714582
11/20  15:00:00,17.948471
11/20  16:00:00,20.904734
11/20  17:00:00,18.944136
11/20  18:00:00,18.063937
11/20  19:00:00,17.574784
11/20  20:00:00,16.395022
11/20  21:00:00,15.272665
11/20  22:00:00,12.971029
11/20  23:00:00,10.061348
11/20  24:00:00,7.846680
11/21  01:00:00,6.322674
11/21  02:00:00,5.898215
11/21  03:00:00,5.798929
11/21  04:00:00,6.144407
11/21  05:00:00,7.261203
11/21  06:00:00,9.468212
11/21  07:00:00,10.799483
11/21  08:00:00,9.140889
11/21  09:00:00,7.560637
11/21  10:00:00,7.040034
11/21  11:00:00,7.693512
11/21  12:00:00,8.929137
11/21  13:00:00,10.296561
11/21  14:00:00,13.114502
11/21  15:00:00,17.163621
11/21  16:00:00,19.987815
11/21  17:00:00,19.821817
11/21  18:00:00,20.425720
11/21  19:00:00,18.478487
11/21  20:00:00,16.942665
11/21  21:00:00,15.436538
11/21  22:00:00,12.906013
11/21  23:00:00,10.113808
11/21  24:00:00,7.877341
11/22  01:00:00,6.322674
11/22  02:00:00,5.898215
11/22  03:00:00,5.791816
11/22  04:00:00,5.937178
11/22  05:00:00,7.148652
11/22  06:00:00,8.980002
11/22  07:00:00,10.155865
11/22  08:00:00,9.116336
11/22  09:00:00,7.511830
11/22  10:00:00,6.954473
11/22  11:00:00,7.266163
11/22  12:00:00,8.096915
11/22  13:00:00,9.309227
11/22  14:00:00,11.044016
11/22  15:00:00,14.361642
11/22  16:00:00,17.212983
11/22  17:00:00,16.455548
11/22  18:00:00,17.059093
11/22  19:00:00,16.548331
11/22  20:00:00,16.107063
11/22  21:00:00,14.851629
11/22  22:00:00,12.890349
11/22  23:00:00,10.113808
11/22  24:00:00,7.877341
11/23  01:00:00,6.307712
11/23  02:00:00,5.894903
11/23  03:00:00,5.966567
11/23  04:00:00,6.282883
11/23  05:00:00,6.925609
11/23  06:00:00,8.681511
11/23  07:00:00,9.481000
11/23  08:00:00,9.424823
11/23  09:00:00,7.372815
11/23  10:00:00,6.596973
11/23  11:00:00,6.589185
11/23  12:00:00,6.531042
11/23  13:00:00,6.491229
11/23  14:00:00,6.606977
11/23  15:00:00,7.240457
11/23  16:00:00,8.221468
11/23  17:00:00,10.088469
11/23  18:00:00,12.029320
11/23  19:00:00,13.986505
11/23  20:00:00,14.317524
11/23  21:00:00,14.307362
11/23  22:00:00,12.819982
11/23  23:00:00,10.061348
11/23  24:00:00,7.846680
11/24  01:00:00,6.307712
11/24  02:00:00,5.889071
11/24  03:00:00,5.786202
11/24  04:00:00,5.804665
11/24  05:00:00,6.750112
11/24  06:00:00,10.000964
11/24  07:00:00,9.765107
11/24  08:00:00,9.151071
11/24  09:00:00,7.369305
11/24  10:00:00,6.648426
11/24  11:00:00,6.741573
11/24  12:00:00,6.996073
11/24  13:00:00,7.652732
11/24  14:00:00,8.849992
11/24  15:00:00,10.387254
11/24  16:00:00,12.549303
11/24  17:00:00,12.093965
11/24  18:00:00,12.515876
11/24  19:00:00,14.487192
11/24  20:00:00,15.055389
11/24  21:00:00,14.512480
11/24  22:00:00,12.818374
11/24  23:00:00,10.061348
11/24  24:00:00,7.846680
11/25  01:00:00,6.307712
11/25  02:00:00,5.889071
11/25  03:00:00,5.817882
11/25  04:00:00,6.141138
11/25  05:00:00,6.897344
11/25  06:00:00,9.855407
11/25  07:00:00,11.172395
11/25  08:00:00,12.605613
11/25  09:00:00,9.212469
11/25  10:00:00,6.775580
11/25  11:00:00,6.612083
11/25  12:00:00,6.531042
11/25  13:00:00,6.491229
11/25  14:00:00,6.830925
11/25  15:00:00,7.667998
11/25  16:00:00,9.353635
11/25  17:00:00,10.401685
11/25  18:00:00,11.700046
11/25  19:00:00,13.515215
11/25  20:00:00,14.238864
11/25  21:00:00,14.302068
11/25  22:00:00,12.815887
11/25  23:00:00,10.061348
11/25  24:00:00,7.846680
11/26  01:00:00,6.322674
11/26  02:00:00,5.898215
11/26  03:00:00,5.791816
11/26  04:00:00,5.676308
11/26  05:00:00,6.293993
11/26  06:00:00,8.026155
11/26  07:00:00,9.078527
11/26  08:00:00,9.067646
11/26  09:00:00,7.449449
11/26  10:00:00,6.697233
11/26  11:00:00,6.754096
11/26  12:00:00,6.836911
11/26  13:00:00,6.970916
11/26  14:00:00,7.792714
11/26  15:00:00,9.376504
11/26  16:00:00,11.059058
11/26  17:00:00,11.135342
11/26  18:00:00,12.105997
11/26  19:00:00,13.626733
11/26  20:00:00,14.327431
11/26  21:00:00,14.384023
11/26  22:00:00,12.889167
11/26  23:00:00,10.113808
11/26  24:00:00,8.000318
11/27  01:00:00,6.860788
11/27  02:00:00,8.984039
11/27  03:00:00,11.610069
11/27  04:00:00,14.103902
11/27  05:00:00,16.854333
11/27  06:00:00,20.720079
11/27  07:00:00,18.792023
11/27  08:00:00,13.794670
11/27  09:00:00,8.233225
11/27  10:00:00,6.839452
11/27  11:00:00,6.610593
11/27  12:00:00,6.575229
11/27  13:00:00,6.686262
11/27  14:00:00,7.307815
11/27  15:00:00,8.970986
11/27  16:00:00,10.914040
11/27  17:00:00,11.336115
11/27  18:00:00,11.898981
11/27  19:00:00,13.510554
11/27  20:00:00,14.238864
11/27  21:00:00,14.303138
11/27  22:00:00,13.826739
11/27  23:00:00,12.111135
11/27  24:00:00,11.967714
11/28  01:00:00,13.056063
11/28  02:00:00,14.813443
11/28  03:00:00,16.032212
11/28  04:00:00,17.920162
11/28  05:00:00,21.021680
11/28  06:00:00,20.549574
11/28  07:00:00,21.064503
11/28  08:00:00,14.587504
11/28  09:00:00,8.339593
11/28  10:00:00,6.716761
11/28  11:00:00,6.693350
11/28  12:00:00,6.753398
11/28  13:00:00,6.902293
11/28  14:00:00,7.622173
11/28  15:00:00,9.191658
11/28  16:00:00,11.043913
11/28  17:00:00,11.837595
11/28  18:00:00,12.952884
11/28  19:00:00,13.891296
11/28  20:00:00,14.348230
11/28  21:00:00,14.384023
11/28  22:00:00,12.889167
11/28  23:00:00,11.850123
11/28  24:00:00,11.025897
11/29  01:00:00,11.109072
11/29  02:00:00,12.720700
11/29  03:00:00,14.773447
11/29  04:00:00,15.217138
11/29  05:00:00,16.501644
11/29  06:00:00,25.238727
11/29  07:00:00,23.955974
11/29  08:00:00,15.794527
11/29  09:00:00,8.723784
11/29  10:00:00,6.697233
11/29  11:00:00,6.689754
11/29  12:00:00,6.673805
11/29  13:00:00,6.749848
11/29  14:00:00,7.225586
11/29  15:00:00,8.292582
11/29  16:00:00,10.000494
11/29  17:00:00,10.790380
11/29  18:00:00,12.140291
11/29  19:00:00,13.830113
11/29  20:00:00,14.380338
11/29  21:00:00,14.384023
11/29  22:00:00,12.889167
11/29  23:00:00,10.205618
11/29  24:00:00,8.119711
11/30  01:00:00,6.743269
11/30  02:00:00,6.964090
11/30  03:00:00,7.776678
11/30  04:00:00,9.265777
11/30  05:00:00,10.470987
11/30  06:00:00,15.601925
11/30  07:00:00,11.937000
11/30  08:00:00,10.338465
11/30  09:00:00,7.733830
11/30  10:00:00,6.597349
11/30  11:00:00,6.594196
11/30  12:00:00,6.588139
11/30  13:00:00,6.838798
11/30  14:00:00,8.103301
11/30  15:00:00,9.628386
11/30  16:00:00,11.673598
11/30  17:00:00,11.789057
11/30  18:00:00,12.464587
11/30  19:00:00,14.037678
11/30  20:00:00,14.438484
11/30  21:00:00,14.306220
11/30  22:00:00,12.815887
11/30  23:00:00,10.378056
11/30  24:00:00,9.625903
12/01  01:00:00,12.752584
12/01  02:00:00,14.409215
12/01  03:00:00,17.471931
12/01  04:00:00,23.420004
12/01  05:00:00,26.077830
12/01  06:00:00,29.390192
12/01  07:00:00,28.044335
12/01  08:00:00,20.008525
12/01  09:00:00,11.996435
12/01  10:00:00,7.804286
12/01  11:00:00,7.029856
12/01  12:00:00,6.991368
12/01  13:00:00,7.648354
12/01  14:00:00,8.464829
12/01  15:00:00,9.770883
12/01  16:00:00,11.077271
12/01  17:00:00,10.071299
12/01  18:00:00,11.775740
12/01  19:00:00,13.991424
12/01  20:00:00,15.499276
12/01  21:00:00,15.722858
12/01  22:00:00,14.679772
12/01  23:00:00,15.410467
12/01  24:00:00,16.815521
12/02  01:00:00,19.796078
12/02  02:00:00,23.028765
12/02  03:00:00,24.716133
12/02  04:00:00,26.252291
12/02  05:00:00,27.312478
12/02  06:00:00,29.808055
12/02  07:00:00,28.301180
12/02  08:00:00,20.535067
12/02  09:00:00,11.409340
12/02  10:00:00,7.338529
12/02  11:00:00,6.705611
12/02  12:00:00,6.555839
12/02  13:00:00,6.612361
12/02  14:00:00,6.962811
12/02  15:00:00,7.780911
12/02  16:00:00,9.189958
12/02  17:00:00,9.893153
12/02  18:00:00,11.651652
12/02  19:00:00,13.510554
12/02  20:00:00,14.238864
12/02  21:00:00,14.302068
12/02  22:00:00,12.821323
12/02  23:00:00,10.411304
12/02  24:00:00,9.780212
12/03  01:00:00,12.044996
12/03  02:00:00,12.169868
12/03  03:00:00,11.493471
12/03  04:00:00,13.797096
12/03  05:00:00,16.993098
12/03  06:00:00,17.171227
12/03  07:00:00,16.133764
12/03  08:00:00,12.981454
12/03  09:00:00,8.040942
12/03  10:00:00,6.664430
12/03  11:00:00,6.589944
12/03  12:00:00,6.630001
12/03  13:00:00,6.992344
12/03  14:00:00,8.195039
12/03  15:00:00,9.370904
12/03  16:00:00,10.344558
12/03  17:00:00,10.284483
12/03  18:00:00,11.651652
12/03  19:00:00,13.510554
12/03  20:00:00,14.240544
12/03  21:00:00,15.497380
12/03  22:00:00,14.346640
12/03  23:00:00,13.424438
12/03  24:00:00,15.162649
12/04  01:00:00,16.419965
12/04  02:00:00,20.494480
12/04  03:00:00,21.393401
12/04  04:00:00,20.426744
12/04  05:00:00,24.342262
12/04  06:00:00,26.825767
12/04  07:00:00,24.977196
12/04  08:00:00,18.310170
12/04  09:00:00,12.224607
12/04  10:00:00,8.152739
12/04  11:00:00,7.079404
12/04  12:00:00,7.152232
12/04  13:00:00,7.595498
12/04  14:00:00,8.399887
12/04  15:00:00,8.075890
12/04  16:00:00,8.222747
12/04  17:00:00,10.613974
12/04  18:00:00,13.182545
12/04  19:00:00,13.931642
12/04  20:00:00,14.872063
12/04  21:00:00,16.110426
12/04  22:00:00,15.887168
12/04  23:00:00,16.730667
12/04  24:00:00,18.500661
12/05  01:00:00,18.179275
12/05  02:00:00,18.196363
12/05  03:00:00,18.292153
12/05  04:00:00,18.151036
12/05  05:00:00,18.185858
12/05  06:00:00,19.500622
12/05  07:00:00,20.298199
12/05  08:00:00,17.548917
12/05  09:00:00,13.249500
12/05  10:00:00,11.887422
12/05  11:00:00,12.150794
12/05  12:00:00,12.428659
12/05  13:00:00,12.179842
12/05  14:00:00,12.611388
12/05  15:00:00,14.595175
12/05  16:00:00,15.575168
12/05  17:00:00,17.201806
12/05  18:00:00,17.394958
12/05  19:00:00,18.773042
12/05  20:00:00,19.415432
12/05  21:00:00,20.334181
12/05  22:00:00,19.812197
12/05  23:00:00,20.322858
12/05  24:00:00,21.728066
12/06  01:00:00,21.185355
12/06  02:00:00,26.980199
12/06  03:00:00,30.926194
12/06  04:00:00,22.386430
12/06  05:00:00,23.061066
12/06  06:00:00,30.778278
12/06  07:00:00,24.508866
12/06  08:00:00,19.031702
12/06  09:00:00,16.793236
12/06  10:00:00,14.095466
12/06  11:00:00,11.305979
12/06  12:00:00,10.137732
12/06  13:00:00,7.582042
12/06  14:00:00,6.999234
12/06  15:00:00,6.815463
12/06  16:00:00,7.731336
12/06  17:00:00,9.795615
12/06  18:00:00,11.896763
12/06  19:00:00,13.855722
12/06  20:00:00,14.635329
12/06  21:00:00,14.987069
12/06  22:00:00,14.050334
12/06  23:00:00,13.879761
12/06  24:00:00,16.812298
12/07  01:00:00,16.801598
12/07  02:00:00,16.956410
12/07  03:00:00,17.278388
12/07  04:00:00,17.452609
12/07  05:00:00,17.727403
12/07  06:00:00,19.029502
12/07  07:00:00,17.479210
12/07  08:00:00,15.148461
12/07  09:00:00,10.956718
12/07  10:00:00,8.735301
12/07  11:00:00,8.310355
12/07  12:00:00,7.811011
12/07  13:00:00,7.304803
12/07  14:00:00,7.270421
12/07  15:00:00,7.457448
12/07  16:00:00,8.876966
12/07  17:00:00,11.383009
12/07  18:00:00,13.350525
12/07  19:00:00,14.036928
12/07  20:00:00,14.973556
12/07  21:00:00,15.311715
12/07  22:00:00,14.240867
12/07  23:00:00,14.812601
12/07  24:00:00,15.850694
12/08  01:00:00,14.554534
12/08  02:00:00,14.487803
12/08  03:00:00,15.135860
12/08  04:00:00,16.893990
12/08  05:00:00,15.653910
12/08  06:00:00,16.254398
12/08  07:00:00,14.036828
12/08  08:00:00,12.288330
12/08  09:00:00,10.012413
12/08  10:00:00,8.772964
12/08  11:00:00,8.658909
12/08  12:00:00,7.550430
12/08  13:00:00,6.570864
12/08  14:00:00,6.606977
12/08  15:00:00,6.721149
12/08  16:00:00,7.990763
12/08  17:00:00,9.699160
12/08  18:00:00,11.913457
12/08  19:00:00,13.510554
12/08  20:00:00,14.246453
12/08  21:00:00,14.474201
12/08  22:00:00,13.146151
12/08  23:00:00,11.638338
12/08  24:00:00,13.427585
12/09  01:00:00,14.898501
12/09  02:00:00,15.827750
12/09  03:00:00,16.865342
12/09  04:00:00,18.158648
12/09  05:00:00,19.358664
12/09  06:00:00,21.066941
12/09  07:00:00,19.712658
12/09  08:00:00,15.736920
12/09  09:00:00,10.333240
12/09  10:00:00,7.605516
12/09  11:00:00,7.005972
12/09  12:00:00,7.233849
12/09  13:00:00,8.169241
12/09  14:00:00,9.079402
12/09  15:00:00,10.302174
12/09  16:00:00,12.556440
12/09  17:00:00,11.504716
12/09  18:00:00,11.699980
12/09  19:00:00,13.624188
12/09  20:00:00,14.249667
12/09  21:00:00,14.302068
12/09  22:00:00,12.857965
12/09  23:00:00,10.649288
12/09  24:00:00,10.381611
12/10  01:00:00,11.527032
12/10  02:00:00,12.692462
12/10  03:00:00,14.538334
12/10  04:00:00,15.966195
12/10  05:00:00,17.075603
12/10  06:00:00,18.832783
12/10  07:00:00,17.820744
12/10  08:00:00,13.966465
12/10  09:00:00,8.700211
12/10  10:00:00,7.284281
12/10  11:00:00,8.698797
12/10  12:00:00,10.189675
12/10  13:00:00,11.640658
12/10  14:00:00,13.656246
12/10  15:00:00,17.748454
12/10  16:00:00,20.902458
12/10  17:00:00,17.005113
12/10  18:00:00,15.017333
12/10  19:00:00,16.321542
12/10  20:00:00,15.798070
12/10  21:00:00,14.799422
12/10  22:00:00,12.828411
12/10  23:00:00,10.061348
12/10  24:00:00,7.975660
12/11  01:00:00,6.841368
12/11  02:00:00,7.494813
12/11  03:00:00,8.613274
12/11  04:00:00,9.192511
12/11  05:00:00,11.300940
12/11  06:00:00,15.372407
12/11  07:00:00,14.950729
12/11  08:00:00,11.530535
12/11  09:00:00,8.001887
12/11  10:00:00,7.827772
12/11  11:00:00,9.276630
12/11  12:00:00,10.245521
12/11  13:00:00,11.290070
12/11  14:00:00,12.993683
12/11  15:00:00,15.717155
12/11  16:00:00,17.218953
12/11  17:00:00,14.245449
12/11  18:00:00,13.158468
12/11  19:00:00,15.255074
12/11  20:00:00,15.012574
12/11  21:00:00,14.392483
12/11  22:00:00,12.815887
12/11  23:00:00,10.061348
12/11  24:00:00,8.202715
12/12  01:00:00,7.132236
12/12  02:00:00,7.754560
12/12  03:00:00,8.353792
12/12  04:00:00,9.346718
12/12  05:00:00,11.342506
12/12  06:00:00,12.896184
12/12  07:00:00,13.908092
12/12  08:00:00,11.140231
12/12  09:00:00,9.463792
12/12  10:00:00,8.581445
12/12  11:00:00,7.904344
12/12  12:00:00,6.857137
12/12  13:00:00,6.575363
12/12  14:00:00,7.067934
12/12  15:00:00,8.094725
12/12  16:00:00,9.513364
12/12  17:00:00,10.039674
12/12  18:00:00,11.719860
12/12  19:00:00,13.590943
12/12  20:00:00,14.327431
12/12  21:00:00,14.384023
12/12  22:00:00,12.889167
12/12  23:00:00,10.113808
12/12  24:00:00,8.354734
12/13  01:00:00,7.614778
12/13  02:00:00,8.777399
12/13  03:00:00,9.937912
12/13  04:00:00,10.362925
12/13  05:00:00,11.037816
12/13  06:00:00,12.673508
12/13  07:00:00,13.649517
12/13  08:00:00,10.217757
12/13  09:00:00,8.259780
12/13  10:00:00,7.011929
12/13  11:00:00,6.690584
12/13  12:00:00,6.847026
12/13  13:00:00,7.512440
12/13  14:00:00,8.607320
12/13  15:00:00,9.867606
12/13  16:00:00,11.529301
12/13  17:00:00,11.052758
12/13  18:00:00,11.738035
12/13  19:00:00,13.590943
12/13  20:00:00,14.327431
12/13  21:00:00,14.384023
12/13  22:00:00,12.889167
12/13  23:00:00,10.396264
12/13  24:00:00,9.650807
12/14  01:00:00,11.660486
12/14  02:00:00,13.702425
12/14  03:00:00,15.159530
12/14  04:00:00,16.526010
12/14  05:00:00,18.086193
12/14  06:00:00,19.861389
12/14  07:00:00,18.714383
12/14  08:00:00,14.953579
12/14  09:00:00,9.814990
12/14  10:00:00,7.435027
12/14  11:00:00,7.792132
12/14  12:00:00,9.117916
12/14  13:00:00,10.258950
12/14  14:00:00,11.733935
12/14  15:00:00,14.021999
12/14  16:00:00,15.667555
12/14  17:00:00,13.696303
12/14  18:00:00,12.943380
12/14  19:00:00,14.978261
12/14  20:00:00,14.842821
12/14  21:00:00,14.353516
12/14  22:00:00,12.815887
12/14  23:00:00,10.087238
12/14  24:00:00,8.665108
12/15  01:00:00,9.929701
12/15  02:00:00,10.916343
12/15  03:00:00,11.541175
12/15  04:00:00,13.217007
12/15  05:00:00,15.536786
12/15  06:00:00,18.454880
12/15  07:00:00,17.936572
12/15  08:00:00,14.036955
12/15  09:00:00,8.999485
12/15  10:00:00,7.246197
12/15  11:00:00,7.804889
12/15  12:00:00,8.504188
12/15  13:00:00,9.536439
12/15  14:00:00,10.913044
12/15  15:00:00,12.998515
12/15  16:00:00,14.464597
12/15  17:00:00,12.773317
12/15  18:00:00,12.555280
12/15  19:00:00,14.462253
12/15  20:00:00,14.456456
12/15  21:00:00,14.308302
12/15  22:00:00,12.815887
12/15  23:00:00,10.341455
12/15  24:00:00,9.261755
12/16  01:00:00,10.664809
12/16  02:00:00,11.485836
12/16  03:00:00,12.563462
12/16  04:00:00,13.902426
12/16  05:00:00,15.919580
12/16  06:00:00,16.079640
12/16  07:00:00,10.973608
12/16  08:00:00,9.372713
12/16  09:00:00,7.934065
12/16  10:00:00,7.590846
12/16  11:00:00,8.600311
12/16  12:00:00,9.533274
12/16  13:00:00,10.215707
12/16  14:00:00,10.942784
12/16  15:00:00,11.991190
12/16  16:00:00,11.835486
12/16  17:00:00,10.887691
12/16  18:00:00,11.886009
12/16  19:00:00,13.662486
12/16  20:00:00,14.238864
12/16  21:00:00,14.318712
12/16  22:00:00,12.826753
12/16  23:00:00,10.061348
12/16  24:00:00,7.846680
12/17  01:00:00,6.405786
12/17  02:00:00,6.574591
12/17  03:00:00,8.237962
12/17  04:00:00,10.949502
12/17  05:00:00,13.619385
12/17  06:00:00,16.733384
12/17  07:00:00,16.067594
12/17  08:00:00,12.935703
12/17  09:00:00,8.398878
12/17  10:00:00,7.131098
12/17  11:00:00,7.877950
12/17  12:00:00,8.939040
12/17  13:00:00,9.962847
12/17  14:00:00,10.867241
12/17  15:00:00,13.155075
12/17  16:00:00,15.119219
12/17  17:00:00,13.926899
12/17  18:00:00,13.112130
12/17  19:00:00,13.889118
12/17  20:00:00,14.249420
12/17  21:00:00,14.302068
12/17  22:00:00,12.815887
12/17  23:00:00,10.186397
12/17  24:00:00,9.959464
12/18  01:00:00,10.836634
12/18  02:00:00,12.397864
12/18  03:00:00,15.007701
12/18  04:00:00,16.780353
12/18  05:00:00,19.291068
12/18  06:00:00,24.889348
12/18  07:00:00,23.003478
12/18  08:00:00,16.070712
12/18  09:00:00,9.417707
12/18  10:00:00,7.265918
12/18  11:00:00,8.554756
12/18  12:00:00,9.859440
12/18  13:00:00,10.705139
12/18  14:00:00,12.111506
12/18  15:00:00,15.687113
12/18  16:00:00,18.555915
12/18  17:00:00,15.830534
12/18  18:00:00,13.869722
12/18  19:00:00,15.128951
12/18  20:00:00,14.694740
12/18  21:00:00,14.302862
12/18  22:00:00,12.815887
12/18  23:00:00,10.061348
12/18  24:00:00,8.121208
12/19  01:00:00,6.658361
12/19  02:00:00,6.873229
12/19  03:00:00,8.722069
12/19  04:00:00,9.097509
12/19  05:00:00,10.257219
12/19  06:00:00,13.982051
12/19  07:00:00,15.567152
12/19  08:00:00,10.065688
12/19  09:00:00,7.727545
12/19  10:00:00,7.625828
12/19  11:00:00,9.304850
12/19  12:00:00,10.487741
12/19  13:00:00,11.973802
12/19  14:00:00,14.386053
12/19  15:00:00,18.362666
12/19  16:00:00,20.581007
12/19  17:00:00,16.913605
12/19  18:00:00,15.160256
12/19  19:00:00,15.598476
12/19  20:00:00,15.353698
12/19  21:00:00,14.456512
12/19  22:00:00,12.889167
12/19  23:00:00,10.113808
12/19  24:00:00,8.266975
12/20  01:00:00,8.865034
12/20  02:00:00,10.254662
12/20  03:00:00,11.826568
12/20  04:00:00,14.160517
12/20  05:00:00,15.730090
12/20  06:00:00,17.333977
12/20  07:00:00,18.109582
12/20  08:00:00,12.221741
12/20  09:00:00,8.199821
12/20  10:00:00,7.246159
12/20  11:00:00,8.057454
12/20  12:00:00,8.985298
12/20  13:00:00,9.636712
12/20  14:00:00,10.165598
12/20  15:00:00,11.053073
12/20  16:00:00,12.037262
12/20  17:00:00,11.100938
12/20  18:00:00,11.732268
12/20  19:00:00,13.590943
12/20  20:00:00,14.327431
12/20  21:00:00,14.384023
12/20  22:00:00,12.889167
12/20  23:00:00,10.113808
12/20  24:00:00,8.077868
12/21  01:00:00,6.352321
12/21  02:00:00,6.059653
12/21  03:00:00,6.320480
12/21  04:00:00,6.886550
12/21  05:00:00,8.223748
12/21  06:00:00,14.880703
12/21  07:00:00,12.421994
12/21  08:00:00,9.974275
12/21  09:00:00,7.383982
12/21  10:00:00,6.596973
12/21  11:00:00,6.618908
12/21  12:00:00,6.618209
12/21  13:00:00,6.776943
12/21  14:00:00,7.435867
12/21  15:00:00,8.376533
12/21  16:00:00,9.728656
12/21  17:00:00,10.605178
12/21  18:00:00,11.904244
12/21  19:00:00,13.691271
12/21  20:00:00,14.259770
12/21  21:00:00,14.302068
12/21  22:00:00,12.815887
12/21  23:00:00,10.571270
12/21  24:00:00,9.454687
12/22  01:00:00,10.713630
12/22  02:00:00,12.092699
12/22  03:00:00,13.586349
12/22  04:00:00,14.850377
12/22  05:00:00,15.925392
12/22  06:00:00,17.669488
12/22  07:00:00,16.543287
12/22  08:00:00,15.585746
12/22  09:00:00,10.845911
12/22  10:00:00,7.665035
12/22  11:00:00,6.677349
12/22  12:00:00,6.531042
12/22  13:00:00,6.491229
12/22  14:00:00,6.606977
12/22  15:00:00,6.793453
12/22  16:00:00,8.478919
12/22  17:00:00,9.970589
12/22  18:00:00,11.651652
12/22  19:00:00,13.510554
12/22  20:00:00,14.238864
12/22  21:00:00,14.672381
12/22  22:00:00,13.088084
12/22  23:00:00,10.543578
12/22  24:00:00,12.114931
12/23  01:00:00,13.239550
12/23  02:00:00,15.104876
12/23  03:00:00,16.870950
12/23  04:00:00,17.457504
12/23  05:00:00,18.651737
12/23  06:00:00,26.126792
12/23  07:00:00,24.392388
12/23  08:00:00,15.798078
12/23  09:00:00,10.094115
12/23  10:00:00,7.057867
12/23  11:00:00,6.687528
12/23  12:00:00,6.864624
12/23  13:00:00,6.910371
12/23  14:00:00,7.278228
12/23  15:00:00,8.616542
12/23  16:00:00,9.781004
12/23  17:00:00,10.192145
12/23  18:00:00,12.201362
12/23  19:00:00,13.702194
12/23  20:00:00,14.464296
12/23  21:00:00,14.513498
12/23  22:00:00,14.251268
12/23  23:00:00,13.106132
12/23  24:00:00,13.595113
12/24  01:00:00,17.827700
12/24  02:00:00,17.777469
12/24  03:00:00,18.312862
12/24  04:00:00,19.232501
12/24  05:00:00,23.357681
12/24  06:00:00,26.540342
12/24  07:00:00,21.316879
12/24  08:00:00,17.554195
12/24  09:00:00,13.068429
12/24  10:00:00,8.867156
12/24  11:00:00,7.024861
12/24  12:00:00,6.955939
12/24  13:00:00,7.515294
12/24  14:00:00,8.432434
12/24  15:00:00,9.660803
12/24  16:00:00,11.270484
12/24  17:00:00,11.005641
12/24  18:00:00,11.651652
12/24  19:00:00,13.510554
12/24  20:00:00,14.246286
12/24  21:00:00,14.502915
12/24  22:00:00,14.272500
12/24  23:00:00,13.217292
12/24  24:00:00,14.976846
12/25  01:00:00,16.034448
12/25  02:00:00,17.313470
12/25  03:00:00,18.506417
12/25  04:00:00,19.428050
12/25  05:00:00,20.372818
12/25  06:00:00,21.910511
12/25  07:00:00,23.313379
12/25  08:00:00,17.370855
12/25  09:00:00,11.490674
12/25  10:00:00,7.585861
12/25  11:00:00,7.051837
12/25  12:00:00,7.461383
12/25  13:00:00,8.200720
12/25  14:00:00,8.873988
12/25  15:00:00,9.686410
12/25  16:00:00,10.989554
12/25  17:00:00,10.617381
12/25  18:00:00,11.760010
12/25  19:00:00,13.616794
12/25  20:00:00,14.327431
12/25  21:00:00,14.453869
12/25  22:00:00,13.199054
12/25  23:00:00,12.379231
12/25  24:00:00,13.304770
12/26  01:00:00,13.716016
12/26  02:00:00,15.443460
12/26  03:00:00,16.875892
12/26  04:00:00,17.731009
12/26  05:00:00,18.680024
12/26  06:00:00,20.110561
12/26  07:00:00,20.667662
12/26  08:00:00,16.507820
12/26  09:00:00,10.455373
12/26  10:00:00,7.895901
12/26  11:00:00,6.988182
12/26  12:00:00,6.627278
12/26  13:00:00,6.575363
12/26  14:00:00,6.685880
12/26  15:00:00,6.782019
12/26  16:00:00,7.493750
12/26  17:00:00,9.775406
12/26  18:00:00,11.749937
12/26  19:00:00,13.590943
12/26  20:00:00,14.327431
12/26  21:00:00,14.394602
12/26  22:00:00,12.993940
12/26  23:00:00,11.288048
12/26  24:00:00,11.945437
12/27  01:00:00,12.048874
12/27  02:00:00,12.363009
12/27  03:00:00,12.826162
12/27  04:00:00,13.004191
12/27  05:00:00,14.057603
12/27  06:00:00,15.293836
12/27  07:00:00,16.031583
12/27  08:00:00,13.882740
12/27  09:00:00,10.110832
12/27  10:00:00,7.531581
12/27  11:00:00,6.699698
12/27  12:00:00,6.624856
12/27  13:00:00,6.575363
12/27  14:00:00,6.685880
12/27  15:00:00,6.782019
12/27  16:00:00,7.446404
12/27  17:00:00,9.537112
12/27  18:00:00,11.719860
12/27  19:00:00,13.590943
12/27  20:00:00,14.327431
12/27  21:00:00,14.384023
12/27  22:00:00,12.889167
12/27  23:00:00,10.265856
12/27  24:00:00,9.175881
12/28  01:00:00,8.658099
12/28  02:00:00,9.829563
12/28  03:00:00,10.198759
12/28  04:00:00,10.627978
12/28  05:00:00,11.791964
12/28  06:00:00,13.705606
12/28  07:00:00,12.789996
12/28  08:00:00,13.230737
12/28  09:00:00,10.414433
12/28  10:00:00,9.535779
12/28  11:00:00,9.243689
12/28  12:00:00,7.896864
12/28  13:00:00,9.019225
12/28  14:00:00,9.854276
12/28  15:00:00,8.407331
12/28  16:00:00,11.057045
12/28  17:00:00,13.377322
12/28  18:00:00,15.203079
12/28  19:00:00,14.686235
12/28  20:00:00,15.381561
12/28  21:00:00,15.379216
12/28  22:00:00,13.723943
12/28  23:00:00,11.488357
12/28  24:00:00,11.519178
12/29  01:00:00,11.783602
12/29  02:00:00,12.914515
12/29  03:00:00,12.961161
12/29  04:00:00,13.031516
12/29  05:00:00,13.454484
12/29  06:00:00,14.685427
12/29  07:00:00,13.297541
12/29  08:00:00,12.154979
12/29  09:00:00,9.409653
12/29  10:00:00,7.662055
12/29  11:00:00,7.241848
12/29  12:00:00,6.934443
12/29  13:00:00,6.546929
12/29  14:00:00,6.614538
12/29  15:00:00,6.958998
12/29  16:00:00,8.147460
12/29  17:00:00,10.191457
12/29  18:00:00,12.398876
12/29  19:00:00,13.620547
12/29  20:00:00,14.420366
12/29  21:00:00,14.533757
12/29  22:00:00,13.199910
12/29  23:00:00,11.921318
12/29  24:00:00,13.816403
12/30  01:00:00,15.029666
12/30  02:00:00,17.258760
12/30  03:00:00,17.899915
12/30  04:00:00,18.160215
12/30  05:00:00,19.042597
12/30  06:00:00,20.938209
12/30  07:00:00,19.543066
12/30  08:00:00,16.435747
12/30  09:00:00,11.357825
12/30  10:00:00,8.298160
12/30  11:00:00,7.024897
12/30  12:00:00,7.301227
12/30  13:00:00,7.848420
12/30  14:00:00,8.222291
12/30  15:00:00,8.816428
12/30  16:00:00,9.637736
12/30  17:00:00,10.429857
12/30  18:00:00,12.110139
12/30  19:00:00,13.550938
12/30  20:00:00,14.418965
12/30  21:00:00,14.632374
12/30  22:00:00,13.332624
12/30  23:00:00,12.056429
12/30  24:00:00,13.902389
12/31  01:00:00,13.817991
12/31  02:00:00,12.871238
12/31  03:00:00,13.136269
12/31  04:00:00,13.521046
12/31  05:00:00,14.724107
12/31  06:00:00,16.688165
12/31  07:00:00,15.604866
12/31  08:00:00,16.068426
12/31  09:00:00,14.221545
12/31  10:00:00,12.987341
12/31  11:00:00,13.106745
12/31  12:00:00,12.487007
12/31  13:00:00,9.654794
12/31  14:00:00,9.016544
12/31  15:00:00,8.700281
12/31  16:00:00,8.600195
12/31  17:00:00,10.912686
12/31  18:00:00,13.420747
12/31  19:00:00,14.049589
12/31  20:00:00,16.588686
12/31  21:00:00,18.086743
12/31  22:00:00,17.882045
12/31  23:00:00,18.708917
12/31  24:00:00,19.968047
